8.994767294126641583e-06
4.722252829416486662e-05
6.296337105888649786e-05
1.079372075295196990e-04
1.753979622354695143e-04
1.776466540590011865e-04
2.001335722943177735e-04
2.518534842355459914e-04
3.125681634709008170e-04
3.103194716473691448e-04
3.822776100003822774e-04
3.418011571768123937e-04
3.755315345297873149e-04
3.980184527651038748e-04
4.879661257063703313e-04
5.869085659417634226e-04
5.306912703534718331e-04
5.509294967652567749e-04
6.318824024123965424e-04
6.183902514712066173e-04
6.611153961183081733e-04
6.341310942359282147e-04
7.398196099419162685e-04
7.060892325889414015e-04
9.399531822362341233e-04
7.892908300596128413e-04
8.747411193538159532e-04
9.422018740597656872e-04
9.511966413538923762e-04
1.029900855177500471e-03
1.034398238824563816e-03
1.041144314295158833e-03
1.146832830001146778e-03
1.149081521824678450e-03
1.259267421177729957e-03
1.304241257648362969e-03
1.346966402295464525e-03
1.466147068942642720e-03
1.418924540648477820e-03
1.497628754472085915e-03
1.533607823648592454e-03
1.650539798472238761e-03
1.839429911648898146e-03
1.744984855060568562e-03
1.767471773295885068e-03
1.870911597178341558e-03
2.014827873884367931e-03
2.151998075119798855e-03
2.259935282649318689e-03
2.352131647414117035e-03
2.304909119119952134e-03
2.428587169414193458e-03
2.487053156826016503e-03
2.608482515296725937e-03
2.790626553002790739e-03
2.988511433473576596e-03
3.015495735355956664e-03
3.062718263650121564e-03
3.244862301356185932e-03
3.433752414532845534e-03
3.478726251003478546e-03
3.800289181768506160e-03
3.905977697474494106e-03
4.175820716298293475e-03
4.486140187945662945e-03
4.609818238239904269e-03
4.753734514945930426e-03
4.850428263357791682e-03
5.234954565181705252e-03
5.522787118593758433e-03
5.740910225476329558e-03
6.159166904653217561e-03
6.384036087006383919e-03
6.779805847947956501e-03
7.150839998830680472e-03
7.506133306948682520e-03
7.800711935831330067e-03
8.086295797419850925e-03
8.835110174655894100e-03
9.565935017303683896e-03
9.889746639892242966e-03
1.115576013654056772e-02
1.173367393518820467e-02
1.260391767089495685e-02
1.391040762036685127e-02
1.512020382142688531e-02
1.688092951925217536e-02
1.991666348101991599e-02
2.346060179490581238e-02
3.372363127750431511e-02
3.386080147873974516e-02
2.366298405902366245e-02
2.017976042437312142e-02
1.723622282737017827e-02
1.565764116725095259e-02
1.431292345677901909e-02
1.336622419907219049e-02
1.242627101683595539e-02
1.205073948230616851e-02
1.105232031265811037e-02
1.098261086612862918e-02
9.905487482656964021e-03
9.651385306597886141e-03
9.676120916656734752e-03
9.143180954479732114e-03
9.102704501656160713e-03
9.170165256362111314e-03
9.116196652597351180e-03
9.154424413597390259e-03
9.026248979656084290e-03
9.059979357009060458e-03
9.327573684009327071e-03
9.790804199656850254e-03
1.027877032536322031e-02
1.038895622471627117e-02
1.159875242577630521e-02
1.260841505454201976e-02
1.390366154489625604e-02
1.731042965754672064e-02
2.730361612132142096e-02
2.668972325349727726e-02
1.705632748148764449e-02
1.432416691589667723e-02
1.227335997283580254e-02
1.068578354542245104e-02
9.296091998479884960e-03
8.970031684067793568e-03
8.153756552125801527e-03
7.355470954772061129e-03
7.276766740948453251e-03
6.505465445477093787e-03
6.053478388947229616e-03
5.695936389005696113e-03
5.372124766417137043e-03
5.010085382828539761e-03
4.787464892298904859e-03
4.537860099886890757e-03
4.504129722533916323e-03
4.211799785474800231e-03
4.097116502474685597e-03
3.957697609415722351e-03
3.469731483709352290e-03
3.669865056003670037e-03
3.278592678709160799e-03
3.199888464885552921e-03
3.042480037238336731e-03
2.909807219649968718e-03
2.844595156767550440e-03
2.541021760590776203e-03
2.462317546767168325e-03
2.507291383237801336e-03
2.172236301531584122e-03
2.023822641178494620e-03
2.055304326707937598e-03
2.080039936766785776e-03
1.769720465119416740e-03
1.837181219825366691e-03
1.807948226119454951e-03
1.565089509178035649e-03
1.454903609824984359e-03
1.439162767060262653e-03
1.340220326824869725e-03
1.198552741942375023e-03
1.198552741942375023e-03
1.119848528118766928e-03
9.287097231185757621e-04
8.837358866479425338e-04
9.422018740597656872e-04
7.870421382360811690e-04
6.498719370006499204e-04
6.521206288241814843e-04
6.228876351182699618e-04
4.879661257063703313e-04
4.699765911181170617e-04
3.620393835885973356e-04
2.990760125297108377e-04
2.226204905296343876e-04
1.888901131766594665e-04
1.011911320589247229e-04
2.473561005884826605e-05
2.248691823531660396e-06
