1.663374384214307412e-05
4.383216282726891026e-05
7.754921115593729807e-05
1.051971907854453873e-04
1.434098455579362183e-04
1.708330448652531776e-04
2.187112534919622982e-04
2.263537844464604725e-04
2.807506224167121583e-04
2.951365630369439871e-04
3.360465816757283097e-04
3.569511516395027038e-04
4.064028225215496662e-04
4.506845459932008703e-04
4.502349853488185833e-04
4.893467614100739747e-04
5.403718945474587790e-04
5.441931600247078933e-04
5.943191718733282320e-04
6.183706663477783099e-04
6.547850785427401961e-04
7.103058181239474368e-04
7.253660997107526419e-04
7.685239215714481827e-04
7.988692650672497364e-04
8.532661030375014765e-04
8.600095127032351310e-04
9.222736619501761346e-04
9.951024863400997986e-04
1.015557495659492014e-03
1.067706530407832319e-03
1.125025512566568599e-03
1.162788606694677238e-03
1.198079117278683624e-03
1.250003371704832894e-03
1.296982459042777440e-03
1.348906713468926710e-03
1.401055748217267232e-03
1.473884572607191005e-03
1.513221128990637539e-03
1.560649776972964373e-03
1.606504962699953310e-03
1.708780009296914171e-03
1.762052945656210085e-03
1.852414635177041533e-03
1.893998994782399069e-03
1.989980192358008562e-03
2.085961389933617838e-03
2.129568772438695558e-03
2.227123432269642947e-03
2.295007089571361996e-03
2.417961925809905890e-03
2.508773175975119625e-03
2.677133637296270387e-03
2.732654376877477736e-03
2.873816419213502844e-03
3.003739445439971428e-03
3.128942084900426975e-03
3.212335584433333516e-03
3.398228910885391519e-03
3.588617843781272392e-03
3.765295177023494921e-03
3.891846498417097112e-03
4.072569877458759140e-03
4.280941236129930626e-03
4.511790627020213426e-03
4.708473408937445016e-03
4.954607861736724274e-03
5.141625089799738320e-03
5.438784675736402924e-03
5.699979410122487170e-03
6.029732142776864437e-03
6.328240410646675251e-03
6.581118273111688163e-03
7.012696491718643788e-03
7.459784552556786470e-03
7.875852928932555036e-03
8.338900392646265980e-03
8.939288633218755303e-03
9.492023445486726108e-03
1.014815720596261295e-02
1.083283806735677209e-02
1.179781999052326169e-02
1.275830630724592886e-02
1.385748208276051802e-02
1.533945874696658954e-02
1.723548076464870987e-02
1.957814128252458735e-02
2.345650096161021672e-02
3.375638488505183776e-02
3.384404921070637701e-02
2.360125948910130056e-02
1.982652353854577956e-02
1.757916987727893565e-02
1.580790093841288879e-02
1.441875854727175076e-02
1.349468664274404602e-02
1.260230876364528893e-02
1.186502930685840763e-02
1.124710820115501150e-02
1.076180748554437724e-02
1.036529499719923697e-02
9.876397796433546150e-03
9.609583553992682992e-03
9.389074057923191274e-03
9.189469131817474060e-03
8.989189864745185041e-03
8.968734855425791741e-03
8.981097773146304308e-03
8.984244697656979667e-03
9.202281610182369564e-03
9.321415180943664128e-03
9.659260005196920393e-03
1.011466493795613528e-02
1.067436794021203034e-02
1.138467375833597875e-02
1.252138784765648508e-02
1.431446047777507058e-02
1.725009148559113192e-02
2.691856748399788779e-02
2.670884744339357270e-02
1.704374314981968105e-02
1.388468050174564324e-02
1.202417377496972292e-02
1.058692839487968343e-02
9.645997966187645420e-03
8.843981776609720000e-03
8.131203374941669768e-03
7.620052922279056500e-03
7.050459585846751559e-03
6.603371525008608876e-03
6.181009299611489594e-03
5.832375019893058440e-03
5.484639861463391428e-03
5.194448465514652814e-03
4.986526667487864266e-03
4.672508557386865526e-03
4.459416811949681869e-03
4.211484116572873464e-03
4.008732265956480890e-03
3.760799570579672485e-03
3.632899567252923650e-03
3.506573026181512929e-03
3.331244374872437044e-03
3.177269854171518165e-03
2.994298671907944485e-03
2.836278105407585241e-03
2.773564395516262167e-03
2.611947343860844626e-03
2.499781963087474752e-03
2.364913769772801228e-03
2.241958933534256900e-03
2.171377912366244563e-03
2.080341881878839793e-03
1.967502160138896380e-03
1.880512175450931760e-03
1.764300748878121520e-03
1.684503734500272841e-03
1.595940287556970542e-03
1.528506190899633780e-03
1.436571039123464653e-03
1.354076660879322686e-03
1.293385973887719578e-03
1.172903721193277720e-03
1.089959782304753466e-03
1.010162767926905004e-03
9.757713786316633007e-04
8.869831513661698575e-04
8.098835008546147922e-04
7.339077519540153360e-04
6.482664491991975766e-04
6.069068699160310755e-04
5.399223339030764920e-04
4.439411363274671615e-04
3.762822593479392560e-04
3.115455265568959449e-04
2.333219744343852705e-04
1.699339235764886849e-04
9.508207628684486488e-05
2.337715350787675236e-05
4.495606443822452337e-07
