4.430942378363708064e-05
9.969620351318343992e-05
2.243164579046627398e-04
2.935499325665956601e-04
3.489367122961420397e-04
4.707876277011440098e-04
6.231012719573965266e-04
6.840267296598975116e-04
6.563333397951242676e-04
7.698762382406942753e-04
8.668031027674004668e-04
8.944964926321736023e-04
1.055118153847858136e-03
1.168661052293428143e-03
1.279434611752520686e-03
1.179738408239337354e-03
1.235125187968883625e-03
1.442825611954682468e-03
1.539752476481388551e-03
1.642218018981049348e-03
1.697604798710595836e-03
1.844379764993893693e-03
1.844379764993893693e-03
2.010540104182532723e-03
1.946845307493554273e-03
2.024386799114919182e-03
2.295782019789696475e-03
2.362246155465152174e-03
2.409324918235266483e-03
2.442556986072994332e-03
2.503482443775495100e-03
2.774877664450272393e-03
2.824725766206864167e-03
2.946576681611866137e-03
3.159815783570619693e-03
3.456135055123692439e-03
3.436749682218351483e-03
3.312129427826872047e-03
3.813379784379266387e-03
4.032157564310974440e-03
4.214933937418477612e-03
4.442019734309617628e-03
4.525099903903937251e-03
4.727261649916780946e-03
4.973732819713262351e-03
5.278360108225767927e-03
5.632835498494864410e-03
5.771302447818729871e-03
6.003926922682824817e-03
6.823651262680111192e-03
6.948271517071590193e-03
7.676607670515124549e-03
7.895385450446832168e-03
8.479715976593546131e-03
9.371443130239243136e-03
1.022716887706073483e-02
1.111612669171995263e-02
1.268080321907963728e-02
1.484919564549137816e-02
2.195531948479217607e-02
2.201901428148115430e-02
1.513166822211206401e-02
1.296050645671384741e-02
1.163953176016416582e-02
1.067580179287005993e-02
1.000285241915607228e-02
9.509910079563109464e-03
9.219129485982991215e-03
8.911732858484008174e-03
8.884039468619235255e-03
8.764957892200711184e-03
8.745572519295368927e-03
8.709571112471163612e-03
8.906194180511053243e-03
9.019737078956624118e-03
9.100047909564465409e-03
9.526526113481972521e-03
9.900386876656411261e-03
1.034348111449278143e-02
1.128228703090859188e-02
1.123520826813847844e-02
1.213801277773008357e-02
1.318759225360498742e-02
1.368884261015738089e-02
1.537813939190854455e-02
1.702866542784902543e-02
1.890627726068064979e-02
2.198855155262990219e-02
2.609825060856224219e-02
3.878459250561483440e-02
3.877351514966892454e-02
2.578254596410382848e-02
2.163130682337432997e-02
1.852964715851973185e-02
1.577138552798832555e-02
1.432302123806068750e-02
1.271403528691736513e-02
1.232078915083758587e-02
1.095273569151779085e-02
1.016624341935823406e-02
9.681609096724703642e-03
9.069585180713215025e-03
8.200012738959337744e-03
7.604604856866714786e-03
7.347056331124323519e-03
6.790419194842383342e-03
6.710108364234541184e-03
6.200549990722714448e-03
5.823919888561799110e-03
5.292206803158154386e-03
5.444520447414406307e-03
5.167586548766674517e-03
4.746647022822122336e-03
4.425403700390753703e-03
4.270320717148024317e-03
4.220472615391432543e-03
3.946308055730177351e-03
3.680451513028355423e-03
3.364746868569940853e-03
3.173662478503006153e-03
3.071196936003345573e-03
3.215202563300165964e-03
3.018579495260276333e-03
2.888420562895842401e-03
2.713952206747771191e-03
2.511790460734927063e-03
2.586562613369814724e-03
2.293012680803219010e-03
2.295782019789696475e-03
2.221009867154808814e-03
2.090850934790374881e-03
2.052080188979692535e-03
1.830533070061507016e-03
1.852687781953325655e-03
1.680988764791731911e-03
1.733606205534800934e-03
1.556368510400252475e-03
1.600677934183889753e-03
1.453902967900591895e-03
1.470519001819455820e-03
1.478827018778887566e-03
1.368053459319795023e-03
1.265587916820134226e-03
1.210201137090587955e-03
1.226817171009451663e-03
1.127120967496268332e-03
1.093888899658540482e-03
1.066195509793767347e-03
9.886540181724024368e-04
9.111125265510375271e-04
9.138818655375148840e-04
8.474177298620591851e-04
8.003389670919448763e-04
7.477215263488757452e-04
8.778804587133096776e-04
7.421828483759211397e-04
7.089507805381932903e-04
6.231012719573965266e-04
6.563333397951242676e-04
5.150970514847811243e-04
5.621758142548955416e-04
5.815611871602367148e-04
4.984810175659171996e-04
4.790956446605759722e-04
4.652489497281894044e-04
3.766301021609152295e-04
3.600140682420513048e-04
3.240126614178461526e-04
2.880112545936410547e-04
3.240126614178461526e-04
2.409324918235266374e-04
2.187777799317081073e-04
2.298551358776173724e-04
1.689296781751163873e-04
1.855457120939802849e-04
9.692686452670612365e-05
9.138818655375149111e-05
7.754149162136489621e-05
3.877074581068244810e-05
2.215471189181854032e-05
0.000000000000000000e+00
