3.451169946611901303e-05
1.125381504329967875e-04
1.958163817534144130e-04
2.523355417486527899e-04
3.353636882903304186e-04
3.961342895241486595e-04
4.674084514650466565e-04
5.131739659744653619e-04
5.614403282712839265e-04
6.232112686200622087e-04
7.142421280814196258e-04
7.590073034758783440e-04
7.962699355081372674e-04
8.432858739112559024e-04
8.945532535529544284e-04
9.643269068214124990e-04
9.930866563765115319e-04
1.085618024510308930e-03
1.095371330881168750e-03
1.188402868572446033e-03
1.229166687507064802e-03
1.286686186617263302e-03
1.343955600948721534e-03
1.398223997935300021e-03
1.461245362177778341e-03
1.479751635804537778e-03
1.539521897923396086e-03
1.584036988539114753e-03
1.637054961631993202e-03
1.732837431889410612e-03
1.836122445509027600e-03
1.844125158428707280e-03
1.901894742317645614e-03
1.920401015944405050e-03
1.984172634523103523e-03
2.049944931331721537e-03
2.144727062474178960e-03
2.237758600165456243e-03
2.251763347774895629e-03
2.359299802633092833e-03
2.392811162984251859e-03
2.496596346161348515e-03
2.542111775892027387e-03
2.607884072700645400e-03
2.721172477469862259e-03
2.854217579759538593e-03
2.946498863114595940e-03
3.009020057799593941e-03
3.083045152306632120e-03
3.208837796012848492e-03
3.292866281669486108e-03
3.360139087150543994e-03
3.560206910142538379e-03
3.689250655972374764e-03
3.865310340205329459e-03
3.965094166922586601e-03
4.015611292228065191e-03
4.165912244250800922e-03
4.372232186711295064e-03
4.521532799619070592e-03
4.644824595537887756e-03
4.860147590033021131e-03
5.094477027712394912e-03
5.221770180091051157e-03
5.485859706440483416e-03
5.663169814567138582e-03
5.981777822681889380e-03
6.284130320178540549e-03
6.484698312728015036e-03
6.886334467384443679e-03
7.134418567894516144e-03
7.568065574229663507e-03
7.921185281810533968e-03
8.290060330452023521e-03
8.827742604743008675e-03
9.263140204529335744e-03
9.817578158995900195e-03
1.043428722336872151e-02
1.118154054224382125e-02
1.202357599226137712e-02
1.282859889502541324e-02
1.384719419883340477e-02
1.505010198457277029e-02
1.661788346249378628e-02
1.828094724111473807e-02
2.043717820341095504e-02
2.334416367148463289e-02
2.752283023945117230e-02
3.396051261377606989e-02
5.471329780795689685e-02
5.472130052087657848e-02
3.387673421289816994e-02
2.756384414316453285e-02
2.335866858865155368e-02
2.040066582571491843e-02
1.828920003881315606e-02
1.656486548940090675e-02
1.501934155678775161e-02
1.378692376715706658e-02
1.279233660210811474e-02
1.199281556447635670e-02
1.117828944012019994e-02
1.043153629080258160e-02
9.843837060763598393e-03
9.261139526299415337e-03
8.795231583506809420e-03
8.237292442137885556e-03
7.881421801990874318e-03
7.540806333347004238e-03
7.091403985951237783e-03
6.902840062781283141e-03
6.462190682641415218e-03
6.322643376104499294e-03
6.018290200377927716e-03
5.674173544831698224e-03
5.418836985738165364e-03
5.197511956553271632e-03
5.117984996913954067e-03
4.838640299061381517e-03
4.653077393236307487e-03
4.537538225458430385e-03
4.408744564407334268e-03
4.145405292394121512e-03
3.959342217011566946e-03
3.991853238247766202e-03
3.814293045342371201e-03
3.687500062521194624e-03
3.542700975630738713e-03
3.380896123785963239e-03
3.303119757597825813e-03
3.190081437607348788e-03
3.112805240976691031e-03
3.003268107888574286e-03
2.905234874622496851e-03
2.817955286842239657e-03
2.683659760658863285e-03
2.629891533229764683e-03
2.587627205622706258e-03
2.506599737310948386e-03
2.419820319088170860e-03
2.328539374848073284e-03
2.191743000877297270e-03
2.202746731141856911e-03
2.120718923715139270e-03
2.016933740538042613e-03
2.005179755937262602e-03
1.928403728864084947e-03
1.862881516834206767e-03
1.819616850112188138e-03
1.843374904092487344e-03
1.719833023394930780e-03
1.643307081100492959e-03
1.557027832435195535e-03
1.561279273673775317e-03
1.467747566425018149e-03
1.440488325542358880e-03
1.405976626076239867e-03
1.350957974753441444e-03
1.255925758832244186e-03
1.185401851227566071e-03
1.206659057420465635e-03
1.077615311590629250e-03
1.074614294245749288e-03
1.007091403985951135e-03
9.518226678844127686e-04
9.113089337285339413e-04
8.482875694860557295e-04
8.065234114364769726e-04
7.385003516191989336e-04
6.817311068452204786e-04
6.669761048995609398e-04
5.661919390673438111e-04
5.166751528768252083e-04
4.586554842091468778e-04
3.998855612052485569e-04
3.206086863446708257e-04
2.633392720132124855e-04
1.868133297187746645e-04
1.147889134416567178e-04
4.101390371335882757e-05
0.000000000000000000e+00
