4.250382534428098622e-05
1.275114760328429654e-04
1.775159764378794150e-04
2.650238521466931883e-04
3.475312778150033599e-04
3.675330779770179289e-04
4.850436539288536099e-04
5.150463541718754363e-04
5.700513046174155146e-04
5.550499544959046827e-04
6.600594053464811563e-04
8.250742566831014996e-04
8.900801072096488353e-04
8.775789821083897907e-04
9.500855076956925965e-04
9.925893330399735218e-04
9.675870828374553241e-04
9.925893330399735218e-04
1.137602384214579350e-03
1.222610034903141201e-03
1.245112060085407611e-03
1.280115210368933283e-03
1.265113860247422343e-03
1.327619485753717783e-03
1.360122411016991559e-03
1.580142212799151872e-03
1.500135012151093596e-03
1.520136812313108111e-03
1.757658189237031260e-03
1.740156614095268641e-03
1.800162014581312402e-03
1.750157514176275790e-03
2.020181816363472715e-03
2.020181816363472715e-03
2.042683841545738909e-03
2.130191717254553089e-03
2.060185416687501745e-03
1.992679341140702731e-03
2.217699592963366835e-03
2.440219619765779044e-03
2.297706793611424894e-03
2.535228170535348043e-03
2.597733796041643700e-03
2.567731095798621820e-03
2.697742796851716491e-03
2.827754497904811596e-03
2.775249772479523088e-03
2.907761698552869655e-03
3.110279925193267566e-03
3.072776549889489998e-03
3.367803102279205013e-03
3.397805802522226894e-03
3.560320428838595341e-03
3.645328079527157625e-03
3.717834605114460431e-03
4.020361832564931133e-03
4.120370833375003490e-03
4.260383434509106178e-03
3.995359582362413044e-03
4.557910211919072654e-03
4.657919212729145879e-03
4.807932713944255282e-03
5.190467142042783609e-03
5.102959266333970297e-03
5.565500895080557550e-03
5.703013271194407909e-03
6.023042073786641012e-03
6.358072226500384623e-03
6.703103279295136684e-03
6.665599903991359550e-03
7.128141532737946803e-03
7.430668760188417071e-03
7.768199137922413011e-03
8.125731315818424116e-03
8.813293196387675041e-03
9.158324249182427101e-03
1.012841155704013313e-02
1.042593833445010047e-02
1.077847006230560692e-02
1.190357132141892788e-02
1.276364872838555396e-02
1.394625516296466722e-02
1.520386834815133301e-02
1.676650898580872226e-02
1.842665839925593241e-02
2.033933053974857838e-02
2.351461631546839307e-02
2.700493044373993706e-02
3.453560820473842302e-02
5.499994999549959185e-02
5.493744436999330183e-02
3.435809222830054493e-02
2.694492504325389157e-02
2.338960506445580262e-02
2.028682581432329074e-02
1.832414917342560859e-02
1.685151663649728584e-02
1.515886429778680149e-02
1.398375853826844435e-02
1.252862757648188358e-02
1.195107559680371259e-02
1.082597433769039164e-02
1.028842595833625098e-02
1.005340480643257886e-02
9.228330549749476711e-03
8.695782620435838980e-03
8.433258993309397308e-03
7.713194187476873041e-03
7.678191037193347369e-03
7.343160884479602891e-03
6.628096528687581548e-03
6.530587752897760653e-03
6.498084827634487311e-03
6.053044774029662893e-03
5.653008770789370863e-03
5.505495494594513789e-03
5.210468942204798774e-03
5.290476142852856833e-03
4.877939014511305758e-03
4.642917862607634505e-03
4.445400086007740385e-03
4.172875558800291998e-03
4.345391085197668028e-03
4.285385684711624267e-03
4.042863857747196893e-03
3.670330329729675715e-03
3.725335280175215685e-03
3.722835055154963789e-03
3.442809852886759715e-03
3.210288926003340357e-03
3.122781050294526611e-03
3.067776099848986207e-03
2.870258323249092521e-03
2.840255623006070641e-03
2.925263273694632491e-03
2.667740096608694610e-03
2.532727945515096148e-03
2.497724795231570909e-03
2.517726595393585207e-03
2.252702743246892073e-03
2.457721194907541880e-03
2.270204318388654909e-03
2.070186316768509328e-03
2.027682491424227969e-03
2.065185866728005536e-03
2.062685641707753641e-03
2.055184966646998387e-03
2.000180016201457984e-03
1.762658639277535052e-03
1.792661339520556932e-03
1.815163364702823343e-03
1.612645138062425649e-03
1.585142662839655664e-03
1.425128261543538895e-03
1.590143112880159238e-03
1.452630736766308880e-03
1.312618135632206843e-03
1.260113410206918551e-03
1.155103959356341969e-03
1.207608684781630260e-03
1.185106659599363850e-03
1.155103959356341969e-03
9.675870828374553241e-04
1.037593383404506343e-03
1.077596983728535589e-03
9.275834825134261861e-04
8.175735816223460295e-04
8.150733566020942423e-04
7.775699812983168915e-04
6.325569301237111714e-04
6.075546799211928653e-04
5.650508545769119401e-04
5.125461291516236490e-04
4.125371283415507498e-04
3.825344280985288692e-04
3.200288025922333208e-04
2.450220519846786193e-04
1.700153013771239449e-04
1.525137262353611902e-04
4.250382534428098622e-05
0.000000000000000000e+00
