3.000045000675010217e-05
5.750086251293769413e-05
1.300019500292504495e-04
2.225033375500632391e-04
2.275034125511882731e-04
3.225048375725635933e-04
3.700055500832512669e-04
4.025060375905638657e-04
4.650069751046265599e-04
4.600069001035015531e-04
5.400081001215018255e-04
5.475082126231893900e-04
6.325094876423146151e-04
6.975104626569398128e-04
6.600099001485022071e-04
7.950119251788777177e-04
7.950119251788777177e-04
7.975119626794401669e-04
8.475127126906903440e-04
9.775146627199408477e-04
1.017515262728940903e-03
1.110016650249753692e-03
1.045015675235128495e-03
1.120016800252003706e-03
1.270019050285754346e-03
1.257518862782941666e-03
1.335020025300379543e-03
1.445021675325129911e-03
1.377520662809942047e-03
1.442521637824567462e-03
1.582523737856067871e-03
1.647524712870693069e-03
1.627524412866193041e-03
1.642524637869567953e-03
1.667525012875193096e-03
1.892528387925818947e-03
1.792526887903318593e-03
1.982529737946069071e-03
2.115031725475882349e-03
2.227533413001195166e-03
2.175032625489382431e-03
2.242533638004569861e-03
2.325034875523132854e-03
2.360035400531008010e-03
2.567538513077696066e-03
2.642539638094571278e-03
2.775041625624384556e-03
2.667540013100196637e-03
2.820042300634509509e-03
2.985044775671635061e-03
3.242548638229573402e-03
3.135047025705385484e-03
3.517552763291449322e-03
3.447551713275699009e-03
3.505052575788636642e-03
3.755056325844887636e-03
3.787556813352200343e-03
4.062560938414076263e-03
4.227563413451201381e-03
4.302564538468076592e-03
4.762571438571578525e-03
4.815072226083390826e-03
4.832572488587328838e-03
5.332579988699830825e-03
5.415081226218393384e-03
5.655084826272393714e-03
5.915088726330895372e-03
6.260093901408521171e-03
6.590098851482772274e-03
6.827602414036210154e-03
7.120106801602023652e-03
7.497612464186963026e-03
7.972619589293839654e-03
8.505127576913653481e-03
8.790131851977779631e-03
9.440141602124032041e-03
1.045765686485297316e-02
1.064765971489572277e-02
1.127266909003635069e-02
1.279269189037835625e-02
1.293519402791041932e-02
1.456021840327604948e-02
1.553023295349430233e-02
1.694525417881268328e-02
1.904528567928518920e-02
2.152782291734375852e-02
2.439286589298839472e-02
2.914793721905828416e-02
3.544553168297524121e-02
5.637584563768456569e-02
5.614834222513337414e-02
3.551303269549042907e-02
2.908043620654309977e-02
2.415536233043495684e-02
2.148282224233363444e-02
1.899528492927394022e-02
1.684025260378905695e-02
1.573023595353930174e-02
1.443271649074736110e-02
1.329019935299029405e-02
1.273519102786541818e-02
1.113516702750541251e-02
1.059515892738391134e-02
1.064265963989459787e-02
9.447641714625719389e-03
8.692630389455842377e-03
8.407626114391716227e-03
8.042620639309589967e-03
7.305109576643649232e-03
7.125106876603149418e-03
7.065105976589648902e-03
6.797601964029460764e-03
6.360095401431021742e-03
6.010090151352270177e-03
5.590083851257769167e-03
5.395080926213892923e-03
5.320079801197017712e-03
4.762571438571578525e-03
4.950074251113766553e-03
4.825072376085641490e-03
4.295064425966389245e-03
4.435066525997889871e-03
4.062560938414076263e-03
3.875058125871888234e-03
3.690055350830262655e-03
3.512552688290324424e-03
3.427551413271198982e-03
3.400051000765011606e-03
3.115046725700885456e-03
3.300049500742511036e-03
3.022545338180072667e-03
2.905043575653634951e-03
2.747541213118196747e-03
2.845042675640134435e-03
2.677540163102446434e-03
2.587538813082196094e-03
2.215033225498382486e-03
2.322534838022570405e-03
2.407536113041695413e-03
2.100031500472507220e-03
2.095031425471381888e-03
2.052530787961819383e-03
2.040030600459006704e-03
1.845027675415131328e-03
1.782526737901068579e-03
1.692525387880818239e-03
1.640024600369005504e-03
1.617524262863943027e-03
1.730025950389255844e-03
1.560023400351005177e-03
1.435021525322879897e-03
1.292519387790816822e-03
1.477522162832442401e-03
1.275019125286879244e-03
1.267519012785191680e-03
1.297519462791941938e-03
1.175017625264378890e-03
1.120016800252003706e-03
1.077516162742441202e-03
9.525142877143157050e-04
9.775146627199408477e-04
8.300124501867527657e-04
8.450126751901278948e-04
7.650114751721275681e-04
8.100121501822527383e-04
7.250108751631274048e-04
5.900088501327520026e-04
6.500097501462521934e-04
5.325079876198142610e-04
6.125091876378145877e-04
4.825072376085641382e-04
4.500067501012515393e-04
3.550053250798761921e-04
3.325049875748136070e-04
2.900043500652509944e-04
2.275034125511882731e-04
1.525022875343130075e-04
1.125016875253128848e-04
6.750101251518772819e-05
2.250033750506257493e-05
0.000000000000000000e+00
