2.500569504704696424e-05
8.776998961513485362e-05
1.502842272327522676e-04
1.917936810108502221e-04
2.248011984729522163e-04
2.845648096353944347e-04
3.430781360454843642e-04
3.590817808755944105e-04
4.343489229672057922e-04
4.858606547641225459e-04
5.171177735729312868e-04
5.796320111905486601e-04
6.211414649686465604e-04
6.706527411617995652e-04
7.121621949398975740e-04
7.706755213499874493e-04
8.336898728685457598e-04
8.794502948046417894e-04
9.104573566629800075e-04
9.692207400235404056e-04
1.009729965999756540e-03
1.068243292409846307e-03
1.099750468169125462e-03
1.168016015647563776e-03
1.160264250182979195e-03
1.248784410649525414e-03
1.319550527632668306e-03
1.375313227587583080e-03
1.411571485405801194e-03
1.481087317636591797e-03
1.506843183535050120e-03
1.617368355642997794e-03
1.682633219715790268e-03
1.722642331791065465e-03
1.781405715151625864e-03
1.825665795384898973e-03
1.903933620882155816e-03
1.961196662539893294e-03
2.015959134692926411e-03
2.098727985298651580e-03
2.244761244373406125e-03
2.257764205797870277e-03
2.382042510181693780e-03
2.423301907009321483e-03
2.502820017258930614e-03
2.528575883157389154e-03
2.738873778503053864e-03
2.856900659125115923e-03
2.911413074327677975e-03
3.012936196218688779e-03
3.177973783529198723e-03
3.239487793344934113e-03
3.334009320622772013e-03
3.476041668489998626e-03
3.613572991248756913e-03
3.792363710835142902e-03
3.883384440806393698e-03
4.047671857265492182e-03
4.241716050830576269e-03
4.454764572631417056e-03
4.579793047866652020e-03
4.712323231616000717e-03
5.040648007583727053e-03
5.176929045590133484e-03
5.459243342671293159e-03
5.682794256391893520e-03
6.041625980317016920e-03
6.258175299424443942e-03
6.547491191118776956e-03
6.923576844626363504e-03
7.211392394617874464e-03
7.694252365976351170e-03
8.047832893941595650e-03
8.456425951010343445e-03
9.025055456380191160e-03
9.388388205413782453e-03
1.016006395456565264e-02
1.074994830072549014e-02
1.154437923237017216e-02
1.232080606358098088e-02
1.314999491134105809e-02
1.451755637346405572e-02
1.568932324336867745e-02
1.717591181391562097e-02
1.912285523027869652e-02
2.136311544954363345e-02
2.438805437938490472e-02
2.848523751284354893e-02
3.563036481558674862e-02
5.608277285151693631e-02
5.604426408114448338e-02
3.558535456450206275e-02
2.844472828686733443e-02
2.441631081478806697e-02
2.133060804598247220e-02
1.911210278140846458e-02
1.714215412560210483e-02
1.563281037256234948e-02
1.456981827611238470e-02
1.310973574231531248e-02
1.225679148426054091e-02
1.147861425439643951e-02
1.077795467917818349e-02
1.012205529809414098e-02
9.462155005802571836e-03
9.034057506597126946e-03
8.452925153703756342e-03
7.985318656323977735e-03
7.680249176750004493e-03
7.211892508518814859e-03
6.879566821343561026e-03
6.546490963316895298e-03
6.243922053247627502e-03
6.022371595130791323e-03
5.644035429068970829e-03
5.454492260612354634e-03
5.216938157665408464e-03
5.033646412970553714e-03
4.745330749078102359e-03
4.583543902123708887e-03
4.420006656516021863e-03
4.244466677285751478e-03
4.089431367994060713e-03
3.905889566348735766e-03
3.816869291981248719e-03
3.617823959406755042e-03
3.501797534388457166e-03
3.340010687434063260e-03
3.273245481658447649e-03
3.158969455293442891e-03
3.015686822673863988e-03
2.896159600348979443e-03
2.845398039403474258e-03
2.707116545793304511e-03
2.583588412260892468e-03
2.495818422645757709e-03
2.422051622256969194e-03
2.427052761266378349e-03
2.257264091896929448e-03
2.230257941246118619e-03
2.139987382126279283e-03
2.020460159801394737e-03
1.982451503329883506e-03
1.889930431655809573e-03
1.817914029920314391e-03
1.757400247906460659e-03
1.711889882920835260e-03
1.629871203166521117e-03
1.622619551602877581e-03
1.482837716289884915e-03
1.477086406429064299e-03
1.430325756691086395e-03
1.353058158995711210e-03
1.313049046920436230e-03
1.270539365340456238e-03
1.175267667211207312e-03
1.170766642102738985e-03
1.081246253834310675e-03
1.042737483461858398e-03
9.992275740799967491e-04
9.294616848987357315e-04
9.002050216936907396e-04
8.639467638754726262e-04
8.044332096635008764e-04
7.444195415505881893e-04
7.176634478502478837e-04
6.686522855580358162e-04
6.241421483742922924e-04
5.743808152306687648e-04
5.286203932945728436e-04
4.798592879528312447e-04
4.125939682762749133e-04
3.790863369132320090e-04
3.395773387388978035e-04
2.723120190623414720e-04
2.338032486898891139e-04
1.845420294472066049e-04
1.467834299261656797e-04
7.976816720007981693e-05
2.175495469093085855e-05
0.000000000000000000e+00
