1.063816206601617779e-05
2.978685378484529850e-05
7.233950204891001305e-05
8.723292894133266400e-05
9.999872342055207328e-05
1.255303123789909190e-04
1.872316523618847508e-04
1.808487551222750394e-04
2.106356089071203413e-04
2.595711544107947503e-04
2.212737709731365089e-04
2.893580081956400522e-04
3.297830240465015488e-04
3.510593481785338841e-04
3.723356723105662736e-04
3.829738343765824141e-04
4.212712178142406826e-04
4.829725577971345145e-04
4.851001902103377426e-04
5.148870439951830445e-04
5.957370756969060377e-04
5.787160163912801044e-04
6.063752377629221240e-04
6.382897239609707082e-04
7.404160797947259825e-04
6.616936805062062716e-04
7.467989770343357210e-04
7.531818742739454595e-04
7.255226529023033315e-04
8.893503487189524919e-04
8.936056135453589481e-04
8.340319059756683443e-04
9.467964238754399218e-04
1.076582001080837216e-03
1.065943839014821129e-03
1.014880661097943438e-03
1.140410973476934384e-03
1.106368854865682518e-03
1.214878107939047639e-03
1.210622843112641074e-03
1.299983404467176980e-03
1.312749198946396457e-03
1.382961068582103147e-03
1.451045305804606663e-03
1.531895337506329656e-03
1.534022969919533047e-03
1.610617736794849476e-03
1.682957238843759340e-03
1.778700697437904984e-03
1.863805993966034542e-03
1.936145496014944406e-03
2.053165278741122656e-03
2.076569235286358003e-03
2.129760045616439085e-03
2.240396931103007163e-03
2.291460109019884638e-03
2.442522010357314755e-03
2.419118053812078974e-03
2.678689208222873562e-03
2.746773445445377295e-03
2.806347153015067899e-03
3.070173572252269268e-03
3.276553916332982774e-03
3.327617094249860682e-03
3.453147406628851411e-03
3.604209307966281094e-03
4.025480525780522102e-03
4.180797691944358567e-03
4.310583269149755210e-03
4.485049127032420674e-03
4.740365016616809347e-03
4.810576886252516254e-03
5.091424364795343015e-03
5.710565397037484399e-03
5.785032531499597654e-03
6.236090603098683530e-03
6.625447334714876062e-03
7.072250141487555590e-03
7.533946375152657769e-03
8.055216316387449685e-03
8.674357348629592804e-03
9.380731309813065619e-03
1.013604081650021534e-02
1.115517674242456556e-02
1.237005485036361298e-02
1.342961579213882393e-02
1.505087169099969015e-02
1.746147921515895513e-02
2.096781743211788632e-02
3.126981357684795182e-02
3.141662021335897559e-02
2.129547282375118464e-02
1.765083849993404411e-02
1.533810206678212600e-02
1.400194891129049463e-02
1.331259600941264547e-02
1.234877852623158037e-02
1.118496359620941086e-02
1.072965025978391690e-02
1.030412377714326998e-02
9.806257792453712541e-03
9.665834053182300462e-03
9.229669408475636369e-03
9.197754922277588327e-03
9.272222056739701582e-03
8.844567941685850185e-03
9.065841712658987209e-03
8.955204827172418697e-03
9.127543052641880553e-03
9.225414143649229154e-03
9.802002527627307060e-03
1.004242499031927222e-02
1.024242243716037663e-02
1.112538988863972025e-02
1.170836116985740638e-02
1.269345497717050408e-02
1.457853729526857080e-02
1.710403696974081150e-02
1.998272362480478861e-02
3.070599098734909729e-02
2.981025774139053550e-02
2.052526989017161574e-02
1.664659600090211480e-02
1.439981617255949899e-02
1.270834840406292673e-02
1.160410718161044782e-02
1.069773577358586886e-02
9.940298634485516399e-03
9.597749815959795427e-03
8.661591554150372893e-03
8.108407126717532068e-03
7.695646438556103322e-03
7.344587090377569655e-03
6.870125062233248432e-03
6.606298642996047063e-03
6.231835338272277182e-03
5.816947017697646563e-03
5.702054867384671703e-03
5.489291626064348242e-03
4.919086139325881159e-03
4.689301838699931439e-03
4.595686012518989186e-03
4.455262273247575372e-03
4.138245043680293354e-03
4.121223984374667963e-03
3.842504138245043509e-03
3.553146130049403620e-03
3.599954043139874747e-03
3.289319710812202251e-03
3.059535410186252965e-03
2.908473508848823282e-03
2.995706437790156013e-03
2.802091888188661551e-03
2.634008927545605609e-03
2.619115500653182958e-03
2.368054875895201500e-03
2.327629860044339895e-03
2.257417990408632988e-03
2.116994251137219608e-03
2.025506057369480528e-03
1.861678361552831151e-03
1.595724309902426825e-03
1.587213780249613912e-03
1.580830883010004174e-03
1.431896614085777664e-03
1.348918949970851497e-03
1.434024246498980838e-03
1.182963621740998946e-03
1.231899167244673464e-03
9.553069535282528342e-04
9.148819376773913376e-04
8.361595383888716267e-04
7.382884473815228086e-04
6.829700046382386610e-04
5.468015301932316287e-04
4.616962336651021250e-04
3.468040833521274279e-04
2.468053599315753275e-04
1.382961068582103147e-04
2.553158895843882873e-05
2.127632413203235728e-06
