1.147982855938993640e-05
3.784091636243349489e-05
7.079227611623794257e-05
8.652389303095748988e-05
1.167115903537976814e-04
1.466866982588714162e-04
1.660323352756211076e-04
1.834646675324725122e-04
2.183293320461752670e-04
2.378875584806914559e-04
2.808306208695204886e-04
2.897593764157126747e-04
3.052784039126657111e-04
3.367416377421047786e-04
3.533236123278902748e-04
3.871253297527606240e-04
4.275173191283918777e-04
4.647204672375259684e-04
4.685470767573225964e-04
5.284972925674699847e-04
5.391267634557940416e-04
5.603857052324420470e-04
5.965259062527437321e-04
6.071553771410677890e-04
6.622160363425861436e-04
6.966555220207559579e-04
7.155759802019727358e-04
7.746758383410541886e-04
7.935962965222709666e-04
8.193196160720151193e-04
8.482317768882563806e-04
9.013791313298764483e-04
9.353934381725133220e-04
9.825882889166720046e-04
1.025106172469968015e-03
1.056781995717173553e-03
1.112905602007524314e-03
1.134802312037471892e-03
1.194327349012086394e-03
1.246624345782640581e-03
1.276174274852181307e-03
1.340163689599891848e-03
1.397562832396841538e-03
1.467292161424247048e-03
1.500881289431350981e-03
1.580814910511547499e-03
1.620143952798346401e-03
1.686046672305955337e-03
1.736855543152144177e-03
1.850378292239444628e-03
1.909690739796292497e-03
2.008969997893238733e-03
2.101871573457190969e-03
2.134185164957695755e-03
2.270667571163776082e-03
2.339759131937882344e-03
2.494311638654113459e-03
2.551073013197763684e-03
2.671823802489124450e-03
2.770040113497238173e-03
2.942237541888087244e-03
3.071279318472341056e-03
3.193518233688066952e-03
3.321071884347955201e-03
3.506024677804793141e-03
3.709472750607314701e-03
3.867426688007809775e-03
4.053017249717946746e-03
4.296857311896099506e-03
4.465228130767152220e-03
4.722036147429060915e-03
4.964600673100614744e-03
5.264989520404651097e-03
5.578771501027975782e-03
5.902545184286325276e-03
6.276064791302031314e-03
6.654686544344133071e-03
7.056693133340547104e-03
7.557978980433907590e-03
8.084988147077011578e-03
8.627728930634835994e-03
9.365626799702288924e-03
1.004251150587076244e-02
1.102106059584987210e-02
1.215437478196297778e-02
1.331872702306999105e-02
1.515698771849674671e-02
1.742000207062092965e-02
2.086373804902014184e-02
3.057716113618839590e-02
3.063115884830108077e-02
2.108313032815515090e-02
1.784241724372292656e-02
1.565274624072817908e-02
1.399709985516283013e-02
1.304342372706239830e-02
1.209740081800156179e-02
1.125894815433056348e-02
1.073725372313162098e-02
1.028486344212455050e-02
9.946208499622547980e-03
9.633276876670288091e-03
9.285480589204326424e-03
9.150273719504845027e-03
9.188114635867277932e-03
8.980202185291661851e-03
9.044191600039372392e-03
9.142620500465251446e-03
9.300149259030214555e-03
9.433442823969797122e-03
9.629237677732724668e-03
1.003847230693320075e-02
1.055421423443468100e-02
1.128807290456457051e-02
1.201916791226349639e-02
1.297348180861722725e-02
1.443460887692624671e-02
1.652903982076161030e-02
2.012265133868619202e-02
3.049127501141073865e-02
3.043089961676505653e-02
2.020726192695725121e-02
1.673248789356413316e-02
1.454324206940491720e-02
1.294159339595225486e-02
1.173536103954524526e-02
1.087607461293313253e-02
1.007333697144690253e-02
9.308865425158638698e-03
8.706599604626200431e-03
8.226360109891720993e-03
7.685745220511562038e-03
7.232504581833426767e-03
6.829647635165946203e-03
6.496520017525871799e-03
6.150211855984274827e-03
5.921890821303074995e-03
5.565165778290921683e-03
5.233738875992978608e-03
5.001378642374215353e-03
4.883604104931585713e-03
4.567058461877296534e-03
4.428237572075784979e-03
4.212246723625040316e-03
3.981162026512876859e-03
3.849781766333191819e-03
3.667592635307318372e-03
3.511126823831188862e-03
3.351684760506328659e-03
3.218603784984511856e-03
3.153551423147969018e-03
2.915238685831744378e-03
2.844233820297740155e-03
2.679902200364250864e-03
2.552561139122128814e-03
2.434999191097265373e-03
2.333806628240420959e-03
2.241755410347534821e-03
2.075935664489679967e-03
1.959861842389182089e-03
1.889069566272944065e-03
1.791065844682596542e-03
1.699227216207477038e-03
1.616742522114082660e-03
1.541485868224748597e-03
1.372477281100396851e-03
1.295732501286697442e-03
1.219838079144063914e-03
1.100575415777068494e-03
1.014901880417177008e-03
9.341179016659145002e-04
8.025250520684631527e-04
7.100486553400441828e-04
6.237373517268532310e-04
5.367882798603628141e-04
4.315565180659550301e-04
3.458829827060634350e-04
2.391630949872903319e-04
1.445608040812066048e-04
4.847038725075751114e-05
0.000000000000000000e+00
