1.500125102683840103e-04
1.212278219512033045e-04
2.208671276645210967e-04
2.931056243066764984e-04
3.789061375598112868e-04
4.564033753368361836e-04
5.388825783995270262e-04
6.385218841128448590e-04
6.930467264059659823e-04
7.940699113653020219e-04
8.682458389518830271e-04
9.504482661653702391e-04
1.006080211855305993e-03
1.104058862473401934e-03
1.168547635337854841e-03
1.222795701781772279e-03
1.331015058820403472e-03
1.419029778867167413e-03
1.489607620414100950e-03
1.600041184246361404e-03
1.661762198618777896e-03
1.751160797911560044e-03
1.851076879474081562e-03
1.945457444052529818e-03
2.049248387503902705e-03
2.120379780749243395e-03
2.234411430621151533e-03
2.309971237453750745e-03
2.469947678293466647e-03
2.559069501737045327e-03
2.703269719172152283e-03
2.773017233171474766e-03
2.933270449860394136e-03
3.120370923922068974e-03
3.192332644715020502e-03
3.328229586674017783e-03
3.474920786751958118e-03
3.675029725726204621e-03
3.813971202026442218e-03
3.996643262500858100e-03
4.168244289007127894e-03
4.271204904910889076e-03
4.560989219027121629e-03
4.750580675731629413e-03
5.002169922657756507e-03
5.264830203552030123e-03
5.551293207477819326e-03
5.887852640109470480e-03
6.157432317233835564e-03
6.547963040460200689e-03
6.934895677646918562e-03
7.313248263508322425e-03
7.935163596668947175e-03
8.510027035464950290e-03
9.200029227529675849e-03
1.014687940765539829e-02
1.120886834104984318e-02
1.259800632820301698e-02
1.505134745554426341e-02
2.189269289616034564e-02
2.187304181086688337e-02
1.525726868735178578e-02
1.284627426493869899e-02
1.156729306576858435e-02
1.068244067586448208e-02
1.011089854725892231e-02
9.468778577106430963e-03
9.244866915100669741e-03
8.992447340626930075e-03
8.936261843238587493e-03
8.794552608446313050e-03
8.763553713335503828e-03
8.807837849208088182e-03
8.926021136818052676e-03
9.096515059927506863e-03
9.252339863029167277e-03
9.634567310779423160e-03
9.992161707950551752e-03
1.041452165383533780e-02
1.077599091289531928e-02
1.139209395322266644e-02
1.217647670986584177e-02
1.289360293515252540e-02
1.390604899153951614e-02
1.514074605483704469e-02
1.680638311534467591e-02
1.870506544088178583e-02
2.158962334128233448e-02
2.618188823126947271e-02
3.844416545438844590e-02
3.846630752232473721e-02
2.600862654966798124e-02
2.131644557811832388e-02
1.840365654109899982e-02
1.626667020939753794e-02
1.453239273828739984e-02
1.316650392246733470e-02
1.210589886831890845e-02
1.114437956818539049e-02
1.024845614431314257e-02
9.594434812644892993e-03
8.934601188143365819e-03
8.290267011197243255e-03
7.904995029105748791e-03
7.292490074818047154e-03
6.945136384067453379e-03
6.502018249492392925e-03
6.107059112678769712e-03
5.833881349514756509e-03
5.459126849692999897e-03
5.221099619377851837e-03
4.972831682642168960e-03
4.683600920224343343e-03
4.488473946535762732e-03
4.270651353212482140e-03
4.054489414984423223e-03
3.836666821661142198e-03
3.659530278170799577e-03
3.531383059989504601e-03
3.391057704443248798e-03
3.230804487754329428e-03
3.091863011454091831e-03
2.946555690622170137e-03
2.813426507155209269e-03
2.740080907116239101e-03
2.559899829284656165e-03
2.501223349253480204e-03
2.404905353730606155e-03
2.282016876684180972e-03
2.198984121923082923e-03
2.123147539241279809e-03
2.003026820686891040e-03
1.945457444052529818e-03
1.848032345132841247e-03
1.732063264316507532e-03
1.717670920157917227e-03
1.658717664277537581e-03
1.554926720826164911e-03
1.535275635532705029e-03
1.470786862668252122e-03
1.399932245272114901e-03
1.370594005256526920e-03
1.265419182559135826e-03
1.241616459527621107e-03
1.194011013464591452e-03
1.116790551536770131e-03
1.096862690394106565e-03
1.046212709989836811e-03
9.903039884506972639e-04
9.792329544825509584e-04
9.269223189830590962e-04
8.704600457455123966e-04
8.175958585476131649e-04
7.990518766509679136e-04
7.600264819132518347e-04
7.456341377546614208e-04
7.198939837787210168e-04
6.648155897871926324e-04
6.293882810891240215e-04
5.994964893751286716e-04
5.682208184151151149e-04
5.422038885899709178e-04
5.178476138600488290e-04
4.724563745906485432e-04
4.339845315513397254e-04
4.157173255038981046e-04
3.855487579406991243e-04
3.592550522663513508e-04
3.213367609254498482e-04
2.839720212829557151e-04
2.596157465530335722e-04
2.496518159817017889e-04
2.122870763392076287e-04
1.893146808553038010e-04
1.552712514032535596e-04
1.262097872368692097e-04
1.029606159037617109e-04
7.140816909454441523e-05
4.179315322975273657e-05
1.660655095221963090e-05
1.217813736496106300e-05
