5.123247110473118327e-04
6.315421394830617301e-05
8.154649379991814578e-05
1.088025229776081793e-04
1.462518638802879625e-04
1.843659859824236375e-04
2.056389843650109834e-04
2.297927012785736889e-04
2.623669800519105454e-04
3.135551324100113160e-04
3.206461318708737646e-04
3.640785035686562761e-04
3.906697515468904314e-04
4.103915937974141471e-04
4.562614965598681084e-04
4.912733063978764417e-04
5.307169908989237649e-04
5.245123663706691359e-04
5.958655484455975320e-04
6.361956078792526748e-04
6.388547326770761337e-04
6.747529174476922867e-04
6.986850406281029831e-04
7.576289736465221213e-04
7.904248461530109056e-04
8.074875636057112166e-04
8.967898380659476351e-04
8.950170882007319959e-04
9.517450838876315850e-04
9.785579255990176951e-04
1.027973328091902989e-03
1.083593355113042804e-03
1.111070978023884779e-03
1.162923911581441360e-03
1.218765532335733129e-03
1.251782998575373977e-03
1.311391712793248763e-03
1.373659551808947225e-03
1.448779827347458854e-03
1.486229168250138583e-03
1.542735570203886217e-03
1.550269757131052467e-03
1.655083592911925621e-03
1.731533430849348763e-03
1.816847018112850102e-03
1.868478357937254945e-03
1.915899416831772428e-03
1.995229973300171201e-03
2.030241783138179643e-03
2.179595959282594649e-03
2.277540389335757417e-03
2.380803068984566669e-03
2.438417439604074078e-03
2.560737180303951453e-03
2.660675953955481381e-03
2.775239913995040334e-03
2.922156559074784270e-03
3.008578115004045383e-03
3.165909665541930765e-03
3.285348687710832726e-03
3.403901334947126434e-03
3.635688379824067798e-03
3.716791686157681993e-03
3.914896483595526645e-03
4.106131875305661129e-03
4.389550260007007119e-03
4.520733750032961823e-03
4.748753701446319954e-03
5.001370557239545080e-03
5.250885100768641969e-03
5.518570330416199161e-03
5.801545527651241242e-03
6.141913501772638777e-03
6.385666608239785706e-03
6.797609358169263809e-03
7.153488893611297320e-03
7.685535446909133248e-03
8.091938353509811610e-03
8.670076403303254159e-03
9.255083858824404708e-03
9.867790530989550488e-03
1.063339687902954342e-02
1.134116726271687699e-02
1.233634471830229000e-02
1.354668968877825036e-02
1.496067930002085121e-02
1.668401376274357764e-02
1.913860754486774660e-02
2.302270249955514977e-02
3.294123799543649533e-02
3.298023849247123940e-02
2.320773326673702952e-02
1.939211077559357607e-02
1.705451848457364278e-02
1.537550276848130559e-02
1.416006114214285114e-02
1.310660453473847312e-02
1.234166296789793692e-02
1.165405761392743211e-02
1.097797513408082723e-02
1.049711673314109375e-02
1.017491944513815652e-02
9.842307251677076541e-03
9.624923799455013113e-03
9.217856111654878018e-03
9.095314777221847821e-03
9.097087527087063460e-03
8.980972410915440823e-03
9.045456187262658834e-03
9.009558002492043874e-03
9.234032454174969859e-03
9.568638991234416566e-03
9.755220914548359129e-03
1.019619244352074246e-02
1.093565073104880471e-02
1.174712698185125144e-02
1.294262517220602995e-02
1.476368247124876763e-02
1.797147335235641658e-02
2.778829732472101743e-02
2.775040479635203575e-02
1.776738552412347044e-02
1.445034893257190686e-02
1.257655232503900565e-02
1.115081824593935032e-02
1.016383975848055878e-02
9.307158386115113244e-03
8.518506289827318737e-03
7.936822740303446644e-03
7.325002443070907816e-03
6.897769725553945692e-03
6.458570946446778004e-03
6.113327910196037461e-03
5.744374344498037743e-03
5.363011529743529418e-03
5.134326797130715422e-03
4.837169600973949095e-03
4.645269428064358747e-03
4.370271605222787042e-03
4.216485554415332938e-03
3.982704165940023980e-03
3.809196272882045889e-03
3.632807661293092384e-03
3.432930113990032093e-03
3.306178498627116054e-03
3.188733820056581687e-03
2.962929805974743105e-03
2.890468655234055152e-03
2.769478476933089506e-03
2.599959271071846604e-03
2.451491469860038984e-03
2.354433414739484469e-03
2.269341421209135085e-03
2.150345586506537034e-03
2.059935343380540733e-03
1.938501977613271612e-03
1.845211015956299896e-03
1.747709773369441255e-03
1.699845527008619862e-03
1.572429130446247741e-03
1.512598822495220784e-03
1.426398860299111625e-03
1.327124867847037345e-03
1.272612809491657304e-03
1.179100254101533851e-03
1.078939886716851751e-03
1.020439141164736522e-03
9.049888061925698583e-04
8.803919018127031888e-04
7.957430957486577149e-04
6.853894166389859054e-04
6.147010157635133740e-04
5.675015506021477375e-04
4.660116208185539617e-04
4.059597191343751032e-04
3.361576931915103914e-04
2.581566991220234563e-04
1.859171421144872947e-04
1.023763047162015819e-04
2.792081037714588473e-05
1.994343598367563256e-06
