6.977117555177996097e-05
8.052443916728727004e-05
1.300394669782279028e-04
2.043120086946388181e-04
2.605790857525258890e-04
3.168461628104129600e-04
3.678616460095639109e-04
4.223781917812056085e-04
4.696425365098307438e-04
5.261596894657528294e-04
5.644213018651160832e-04
6.146865573701618818e-04
6.742046211025045765e-04
7.069645637450966413e-04
7.642319443951239334e-04
8.295017537822728859e-04
8.927709559851415046e-04
8.940213354753167403e-04
9.920510875050577576e-04
1.040815887621893143e-03
1.046317557378664441e-03
1.098083268271920435e-03
1.135594652977178591e-03
1.206866283917168870e-03
1.245377972214567084e-03
1.278137914857159149e-03
1.380418957153496011e-03
1.376417742784935127e-03
1.434935502925137763e-03
1.446188918336715210e-03
1.517460549276705489e-03
1.554221706287858438e-03
1.623742805941603235e-03
1.687262084042506815e-03
1.780290318111546781e-03
1.789042974542773756e-03
1.871317944996306413e-03
1.887072726572514665e-03
1.975349518578888540e-03
2.057124337236351276e-03
2.171158946740335723e-03
2.218423291468960695e-03
2.315952891702631900e-03
2.373470348250694261e-03
2.484003895182187744e-03
2.632048826818939383e-03
2.714073721374437188e-03
2.877623358689362226e-03
3.002411231808854199e-03
3.271242822196536709e-03
3.399531757888519211e-03
3.566082305979865075e-03
3.656859856966589422e-03
3.815658052218848587e-03
4.070735468214603178e-03
4.321311518045726531e-03
4.357572523260809343e-03
4.488362217933142967e-03
4.592643867413760163e-03
4.831216274139201079e-03
5.001768036599107611e-03
5.235088849465812516e-03
5.500419377281004496e-03
5.771001498954932488e-03
6.018826713907671384e-03
6.397941775328812308e-03
6.630262284603376938e-03
6.985119983915118354e-03
7.230694515785541197e-03
7.460264190181720503e-03
7.955414468291125557e-03
8.293767158332554165e-03
8.672382067957624951e-03
9.107514130538618691e-03
9.510386402273090720e-03
1.012857402221574270e-02
1.070174798051208576e-02
1.134994470821894426e-02
1.199013900718868229e-02
1.294242802690616541e-02
1.379443661151159330e-02
1.497329439484883576e-02
1.620866933114200117e-02
1.787067374948296886e-02
1.957344053920364799e-02
2.204018919742141772e-02
2.517188966851439252e-02
2.987131594438912144e-02
3.714302290745240959e-02
5.899340449826522004e-02
5.888862269698853791e-02
3.693545991208331547e-02
2.956872410776670637e-02
2.483878857233170340e-02
2.156229415627642851e-02
1.896825686595881785e-02
1.734826519848774173e-02
1.554096668338840817e-02
1.416079780213294788e-02
1.289141254370701484e-02
1.201689712827843336e-02
1.099333647762095779e-02
1.044091881886152415e-02
9.620169721510477695e-03
8.980975726132881670e-03
8.393297365750505487e-03
7.817122496677741603e-03
7.344228973493455506e-03
6.904095392951761258e-03
6.531232228981495753e-03
6.144864966517338267e-03
5.825768120624609525e-03
5.518174766041493949e-03
5.300608734750997079e-03
5.051032988512013135e-03
4.613150091052634072e-03
4.484110927666547231e-03
4.254041101474297787e-03
4.022720895791872565e-03
3.926441675048377572e-03
3.801153650132815462e-03
3.700873215020758934e-03
3.615097181994735530e-03
3.447296254413214321e-03
3.359769690100945436e-03
3.276244340157237651e-03
3.088437340732912238e-03
2.966400302491806456e-03
2.842362657066419690e-03
2.706821520331420625e-03
2.561527423573054310e-03
2.475751390547030906e-03
2.335708887647401037e-03
2.277941355201303607e-03
2.168658187759985034e-03
2.124894905603850592e-03
2.009859992507726303e-03
1.946840866202892645e-03
1.870817793200236275e-03
1.784041456582072596e-03
1.710018990763696777e-03
1.612989542326095926e-03
1.567975880679786356e-03
1.513959486704214742e-03
1.440187096783873992e-03
1.364664175577287759e-03
1.347909090408939015e-03
1.271135789712177656e-03
1.205615904426993526e-03
1.125591617055776488e-03
1.114588277542234111e-03
1.049068392257049981e-03
1.005055034202880469e-03
9.207794565650674785e-04
9.520389438194492389e-04
8.665129866914609040e-04
8.312522850685182593e-04
7.607308818226331867e-04
7.529785289835464867e-04
7.122161576038327615e-04
6.637014333850323362e-04
6.419448302559826493e-04
5.951806373234277059e-04
5.604200874965551988e-04
5.206580197089816404e-04
4.578889693021832136e-04
4.463854779925707523e-04
4.121250799617683829e-04
3.831162757897021878e-04
3.646106593351081788e-04
3.303502613043058636e-04
2.945894078852931896e-04
2.403229380116865337e-04
2.223174733531626895e-04
1.763035081147128170e-04
1.595484229463642084e-04
1.167854443823700545e-04
8.202489455549758814e-05
4.826464832076534961e-05
1.350409849389289676e-05
0.000000000000000000e+00
