2.475056926309304977e-05
8.375192629430477356e-05
1.297529843186393330e-04
1.732539848416513484e-04
2.335053706235243375e-04
2.847565494006362003e-04
3.422578719310544301e-04
3.765086596991730635e-04
4.160095682200690408e-04
4.910112932597450117e-04
5.202619660252185297e-04
5.627629435477016304e-04
6.300144903332776996e-04
6.457648525916095689e-04
7.215165948816822800e-04
7.565173999001976535e-04
7.812679691632907304e-04
8.440194124464862500e-04
9.097709247312688388e-04
9.375215629959488765e-04
9.840226325205480695e-04
1.018023414538534420e-03
1.084274938323581466e-03
1.139026197602544801e-03
1.194027462631640528e-03
1.280529452177399993e-03
1.306530050191154375e-03
1.346280964462182690e-03
1.386031878733210787e-03
1.461783621023283498e-03
1.540035420814678821e-03
1.579536329335574744e-03
1.608286990600783914e-03
1.690788888144427286e-03
1.775790843189393271e-03
1.789541159446667203e-03
1.881793281245468632e-03
1.936044529024167618e-03
2.030796708324291659e-03
2.126548910624944180e-03
2.185300261906024041e-03
2.210550842669381250e-03
2.329053568232069236e-03
2.399305184019232592e-03
2.497057432320943376e-03
2.605309922128208958e-03
2.648810922651221190e-03
2.791064194476472905e-03
2.911316960290086762e-03
2.971818351822092062e-03
3.114571635147608559e-03
3.270575223230134422e-03
3.340076821766900603e-03
3.440329127569934000e-03
3.591082594899682682e-03
3.726335705721231777e-03
3.878089196051509157e-03
4.036342835885225674e-03
4.255847884501343797e-03
4.324599465787713239e-03
4.570355118167717702e-03
4.728358752251301395e-03
4.951863892869536043e-03
5.176869067988563305e-03
5.407124363860369050e-03
5.698881074264708357e-03
5.912135979127520168e-03
6.309645121837802011e-03
6.529400176204052525e-03
6.836657243116591419e-03
7.187415310552142979e-03
7.582924407261367426e-03
7.964683187713317292e-03
8.453194423471739258e-03
8.980456550500661925e-03
9.468717780508952367e-03
1.015173348987026720e-02
1.072174660017180363e-02
1.148276410357438292e-02
1.237203455679480694e-02
1.329580580353348189e-02
1.438283080510851727e-02
1.572961178107096583e-02
1.724464662687241745e-02
1.915644059813375807e-02
2.147649395936106556e-02
2.451256378896714619e-02
2.866965940216624834e-02
3.583982431595926499e-02
5.658505145618349108e-02
5.659380165743812391e-02
3.581607376969670603e-02
2.873091081094865037e-02
2.454256447898301580e-02
2.142774283808527441e-02
1.921344190916391206e-02
1.723689644861831766e-02
1.582236391437003009e-02
1.431482924107254501e-02
1.322030406699354135e-02
1.242378574707218332e-02
1.149501438533086228e-02
1.079624831371121460e-02
1.023773546791576124e-02
9.447467291747710383e-03
8.961706119240742119e-03
8.434193986461687928e-03
7.945432744953134438e-03
7.546423567742058247e-03
7.216415977567483889e-03
6.866407927382329503e-03
6.561150906470848872e-03
6.349896047609095324e-03
5.900385708871303848e-03
5.651879993239844815e-03
5.396624122354813820e-03
5.178369102489357653e-03
4.938363582362394720e-03
4.720608573997201601e-03
4.584855451675388591e-03
4.310099132280042350e-03
4.285848574517214273e-03
4.047093083140912428e-03
3.829838086275984526e-03
3.695835004205096520e-03
3.558081835882225246e-03
3.442829185071256612e-03
3.291575706241243581e-03
3.247574694217967000e-03
3.098821272889276581e-03
3.016069369595500600e-03
2.939817615805163323e-03
2.760563492960338081e-03
2.622060307387070067e-03
2.609810025630589399e-03
2.527308128086945809e-03
2.395055086266984108e-03
2.309803125471885949e-03
2.171049934148485544e-03
2.179300123902849686e-03
2.135049106129441147e-03
2.029796685323762527e-03
1.913544011512264761e-03
1.868042964988194700e-03
1.786791096195212416e-03
1.761040503931590425e-03
1.707039261903023830e-03
1.602036846847477384e-03
1.561285909575920155e-03
1.499784495043385941e-03
1.493284345539947454e-03
1.414782539998419957e-03
1.321530395199089613e-03
1.329280573453189406e-03
1.250528762161529734e-03
1.207777778888914459e-03
1.173276985370663543e-03
1.106525450085351931e-03
1.045774052803214458e-03
1.046524070053611198e-03
9.672722472616870687e-04
8.805202519657952124e-04
8.735200909620921593e-04
7.890181474173906320e-04
7.560173883999331962e-04
7.280167443851208757e-04
6.665153298525866620e-04
5.840134323089430724e-04
5.907635875625139510e-04
5.392624030352698595e-04
4.800110402539258664e-04
4.327599534789300416e-04
3.655084066933539724e-04
3.227574234207386972e-04
2.905066816536780558e-04
2.205050716166471732e-04
1.852542608479995168e-04
1.345030935711521384e-04
7.225166178822113030e-05
2.500057501322530554e-05
0.000000000000000000e+00
