2.001471081244714936e-05
6.754964899200912698e-05
1.426048145386859362e-04
1.726268807573566654e-04
2.526857240071452492e-04
2.827077902258159784e-04
3.277408895538220721e-04
3.927886996942753185e-04
4.353199601707254639e-04
4.778512206471756635e-04
5.103751257174022867e-04
5.779247747094113730e-04
6.880056841778707131e-04
6.729946510685353486e-04
6.629872956623117722e-04
7.655626885761034842e-04
8.381160152712243587e-04
7.755700439823270606e-04
9.106693419663452332e-04
8.506252095290037750e-04
1.020750251434804573e-03
1.068285189614366507e-03
1.125827483200152017e-03
1.128329322051707965e-03
1.185871615637493475e-03
1.348491140988626645e-03
1.268432297738838034e-03
1.411037112277524052e-03
1.421044467683747628e-03
1.468579405863309562e-03
1.628697092362886784e-03
1.628697092362886784e-03
1.596173187292660106e-03
1.658719158581557513e-03
1.808829489674911159e-03
1.763796390346904957e-03
1.881382816370031925e-03
1.938925109955817435e-03
2.021485792057161994e-03
2.059013374830500568e-03
2.184105317408294947e-03
2.141574056931844910e-03
2.284178871470530711e-03
2.484325979595002239e-03
2.476820463040334611e-03
2.709491476235032816e-03
2.679469410016361870e-03
2.907136745507948178e-03
3.009712138421740107e-03
2.959675361390622008e-03
3.037232365788854888e-03
3.219866601952434994e-03
3.337453027975562179e-03
3.507578069881362760e-03
3.557614846912480859e-03
3.842824475989852460e-03
3.880352058763191034e-03
4.060484456075215409e-03
4.140543299325004020e-03
4.415745572996151828e-03
4.438262122660155580e-03
4.858571049721545354e-03
4.963648281486893014e-03
5.211330327790926475e-03
5.356436981181168441e-03
5.876819462304794413e-03
5.736716486617663910e-03
6.001911404882588792e-03
6.407209298834643310e-03
7.010152462059614058e-03
7.312874963097877080e-03
7.648121369206366781e-03
8.090946845931760306e-03
8.543779678063375890e-03
9.194257779467909439e-03
9.767178876474208807e-03
9.684618194372864031e-03
1.108814979009572002e-02
1.145842194012599256e-02
1.243914276993590348e-02
1.295702341220797242e-02
1.436055500793082841e-02
1.538630893706874510e-02
1.798321766498376176e-02
1.901897894952790311e-02
2.151831596223224147e-02
2.414024307866281804e-02
2.960676096931244561e-02
3.584384522624128877e-02
5.602367740289112413e-02
5.594111672078978109e-02
3.583633970968661681e-02
2.944414144396131222e-02
2.418027250028770975e-02
2.173847778116915971e-02
1.911905250359013930e-02
1.813332799607711779e-02
1.540382180902963652e-02
1.430301271434504355e-02
1.296953260646575151e-02
1.229403611654566152e-02
1.122575092693129523e-02
1.089050452082280553e-02
9.474463730842168710e-03
9.476965569693724875e-03
9.384397532186157173e-03
8.603823810500718650e-03
7.978364097611745018e-03
7.568062525956578170e-03
7.052683722536063661e-03
6.912580746848934025e-03
6.522293886006214764e-03
5.944369111296803065e-03
5.789255102500338174e-03
5.846797396086123033e-03
5.436495824430957052e-03
5.296392848743826549e-03
4.846061855463766263e-03
4.768504851065532950e-03
4.410741895293040365e-03
4.405738217589928903e-03
4.195583754059233582e-03
4.083001005739218293e-03
3.855333670247631985e-03
3.772772988146287643e-03
3.670197595232495714e-03
3.455039453998688930e-03
3.167327986069761164e-03
3.104782014780863974e-03
3.112287531335531602e-03
2.789550319484821427e-03
2.847092613070606720e-03
2.749520897859927121e-03
2.581897694805682271e-03
2.696982281977253291e-03
2.514348045813673185e-03
2.411772652899881256e-03
2.351728520462539797e-03
2.274171516064307352e-03
2.189108995111406844e-03
1.996467403541602945e-03
2.136570379228733014e-03
1.936423271104261703e-03
1.876379138666920245e-03
1.933921432252705755e-03
1.693744902503339922e-03
1.671228352839336821e-03
1.666224675136225141e-03
1.476084922417977190e-03
1.573656637628657005e-03
1.441059178496194781e-03
1.383516884910409054e-03
1.403531595722856207e-03
1.285945169699729239e-03
1.203384487598384896e-03
1.143340355161043438e-03
1.158351388270378694e-03
1.165856904825046322e-03
9.982337017708014723e-04
8.881527923023422406e-04
9.306840527787923860e-04
9.506987635912395387e-04
8.306104987165566222e-04
7.080203949903178659e-04
8.055921102009976813e-04
6.404707459983087795e-04
6.779983287716471367e-04
6.229578740374174667e-04
6.329652294436410431e-04
5.128769645689582350e-04
4.478291544285049343e-04
3.752758277333840598e-04
4.027960551004988407e-04
3.627666334756045894e-04
3.252390507022661780e-04
2.601912405618129315e-04
1.801323973120243476e-04
1.376011368355741480e-04
9.006619865601217382e-05
3.252390507022661644e-05
0.000000000000000000e+00
