2.150458047564131185e-05
6.676422077902593392e-05
1.022717838899685585e-04
1.407799861370471854e-04
1.872898927471551339e-04
2.383007580614670792e-04
2.613056581051763990e-04
3.020643397043570378e-04
3.693286670060722671e-04
3.855821289934756053e-04
4.240903312405542593e-04
4.568473084767055224e-04
4.996064161666434510e-04
5.473665890834747937e-04
5.883753239440000192e-04
6.431369881784820657e-04
6.913972676180025817e-04
7.209035524566732422e-04
7.631625536239219432e-04
8.041712884844471687e-04
8.551821537987591140e-04
8.769367875357450938e-04
9.499523398483877140e-04
9.919612877542917199e-04
1.056224975919870879e-03
1.120238610824105452e-03
1.123739356482930966e-03
1.177500807672034232e-03
1.219759808839282825e-03
1.288024349186376672e-03
1.363040327589776527e-03
1.404799222234335947e-03
1.427554069016700490e-03
1.498319141977241071e-03
1.590088688890733655e-03
1.620845240036127791e-03
1.748872509844596936e-03
1.751623095719388257e-03
1.827389233906822090e-03
1.912157289502664078e-03
1.997425451621195457e-03
2.065189885445599914e-03
2.127703200781766533e-03
2.222973493354084631e-03
2.285236755428906447e-03
2.416264664373511499e-03
2.491530696038256158e-03
2.556794597249213881e-03
2.683321547489615072e-03
2.837354356477929905e-03
2.927623583823354535e-03
3.025144355747774131e-03
3.161923489703306629e-03
3.274447457308406629e-03
3.400474301026118647e-03
3.510997842540461086e-03
3.683534592868280971e-03
3.874575284535605908e-03
4.000852181514662730e-03
4.207396175385356811e-03
4.393935908348477887e-03
4.625985334876328917e-03
4.850283110302494073e-03
5.061578116138737253e-03
5.262870991521194364e-03
5.508173240900311740e-03
5.810237580604668724e-03
6.121553890978778667e-03
6.387860614310848263e-03
6.735184594318589964e-03
7.105763527631385815e-03
7.530604018655974105e-03
7.955194456419217158e-03
8.424544427963155321e-03
8.977162135534868387e-03
9.553284849672979973e-03
1.028018968040192611e-02
1.083280738797363918e-02
1.174025067339343198e-02
1.251166498464172799e-02
1.358164288993555548e-02
1.477389684002692639e-02
1.613243620891249841e-02
1.790256324597139237e-02
1.965643682104288234e-02
2.218022438779460037e-02
2.542216492112819859e-02
3.017867805842644469e-02
3.755599942787813533e-02
5.914309747976318615e-02
5.914934881129680494e-02
3.760500986710169080e-02
3.015142225293987455e-02
2.535690101991724260e-02
2.214046591924079960e-02
1.970944811244795120e-02
1.795532448411511772e-02
1.615294057634275929e-02
1.468587809203360239e-02
1.370591936082385560e-02
1.248515933893919357e-02
1.175325344298335482e-02
1.080030046399883120e-02
1.026968744342545044e-02
9.523028405050275660e-03
8.998416662749164976e-03
8.328523975606804547e-03
7.883679223674642383e-03
7.541356308893794151e-03
7.108764166767521722e-03
6.735434647579934334e-03
6.415366473058761905e-03
6.063541534346815476e-03
5.802235876241639348e-03
5.616446303062552249e-03
5.345638621026278792e-03
5.082332536830345103e-03
4.760263936218414246e-03
4.599479689173793621e-03
4.346675841954336476e-03
4.164387014434074025e-03
4.020356335899546996e-03
3.886577841080149972e-03
3.772053447384292844e-03
3.478740971826999213e-03
3.514998694721975774e-03
3.342211891132811086e-03
3.173675992986506322e-03
3.055400800370478877e-03
2.953129016480510183e-03
2.845856167363648454e-03
2.648564144162706465e-03
2.557294703771903488e-03
2.543541774397946667e-03
2.405012267613001412e-03
2.293738566314624996e-03
2.208470404196093834e-03
2.149457834518752296e-03
2.042184985401890567e-03
1.971920018964039376e-03
1.928660804751412003e-03
1.831890192611026168e-03
1.734369420686606355e-03
1.699612017359697531e-03
1.626596465047055020e-03
1.627096571569744410e-03
1.480565360421769779e-03
1.445307850572171782e-03
1.376543203702388545e-03
1.353038197135990025e-03
1.295525947026716657e-03
1.218509542532559458e-03
1.183252032682961460e-03
1.157246493503116206e-03
1.085981314019886235e-03
1.012215601923209746e-03
9.617048431315869741e-04
9.422006887467030333e-04
8.801874799332258048e-04
8.644341244685117484e-04
8.259259222214331486e-04
7.626624471012325530e-04
7.151523274457459054e-04
6.756439121532886337e-04
6.303842718499040251e-04
5.966270815683740901e-04
5.513674412649894815e-04
4.851033270086528701e-04
4.891041791901675579e-04
4.368430475691322456e-04
3.893329279136455981e-04
3.400724354287463017e-04
3.000639136135996939e-04
2.793094929219923860e-04
2.215471895513744321e-04
1.947914905874951466e-04
1.490317437614211750e-04
1.062726360714832193e-04
5.476166423448194481e-05
2.575548591850064062e-05
0.000000000000000000e+00
