2.251885954486882740e-05
6.505448312962105767e-05
9.507962918944616538e-05
1.376152527741983855e-04
1.526278258041109529e-04
2.376990729736153931e-04
3.002514605982510229e-04
3.327787021630615721e-04
3.427870841830032837e-04
3.427870841830032837e-04
4.053394718076389134e-04
4.178499493325660394e-04
5.129295785220121641e-04
5.204358650369684614e-04
5.829882526616040912e-04
6.655574043261231441e-04
7.231056009407879452e-04
7.130972189208461794e-04
8.482103761900592048e-04
8.507124716950445649e-04
8.957501907847822400e-04
8.732313312399134567e-04
9.282774323495927892e-04
9.683109604293596356e-04
1.048378016588893220e-03
1.078403162648718409e-03
1.163474409818222822e-03
1.160972314313237245e-03
1.140955550273353930e-03
1.343625286177173306e-03
1.338621095167202586e-03
1.476236347941400863e-03
1.363642050217056837e-03
1.533784544556065664e-03
1.623859982735541014e-03
1.626362078240526374e-03
1.633868364755482671e-03
1.781491999549622823e-03
1.804010859094491714e-03
1.911600965808865019e-03
2.136789561257553070e-03
2.044212027573092359e-03
2.189333566862247150e-03
2.086747651157844566e-03
2.259392241001838969e-03
2.492087122965483750e-03
2.507099695995396345e-03
2.514605982510352208e-03
2.772321819523851025e-03
2.889920308258166204e-03
3.005016701487495806e-03
3.255226251986038325e-03
3.227703201431198713e-03
3.157644527291606894e-03
3.542967235059362330e-03
3.685586678843531545e-03
3.773160021518021535e-03
3.875745937222423686e-03
4.130959678730936925e-03
4.231043498930353933e-03
4.301102173069945751e-03
4.531294959528604956e-03
4.854065279671725304e-03
5.084258066130384508e-03
5.311948757084058136e-03
5.532133161522775032e-03
5.829882526616041345e-03
6.220209425393767068e-03
6.430385447812543391e-03
6.888268925224876223e-03
7.278595824002601945e-03
7.333641925112281169e-03
7.766504447474759966e-03
8.584689677604994199e-03
9.280272227990942965e-03
9.355335093140505071e-03
1.049128645240388763e-02
1.105425794102560949e-02
1.181489497454117805e-02
1.227528054745849646e-02
1.335368371010721422e-02
1.464226289517470830e-02
1.612100133862109583e-02
1.755720415848273028e-02
1.944128207373675352e-02
2.218608084270576666e-02
2.517108078015337785e-02
3.028536399234358842e-02
3.788673013648930638e-02
5.940975567037393851e-02
5.934970537825428466e-02
3.787922384997435138e-02
3.031789123390839918e-02
2.520110592621320478e-02
2.214604731462600090e-02
1.948381769732150659e-02
1.742709519222348721e-02
1.601341123190672122e-02
1.464226289517470830e-02
1.314100559218345406e-02
1.245543142381744760e-02
1.188245155317578516e-02
1.075901067143732875e-02
1.053131998048365513e-02
9.728147323383333489e-03
9.100121351631991831e-03
8.407040896751028641e-03
7.721466728385022182e-03
7.443734127331640485e-03
7.473759273391465674e-03
6.725632717400823260e-03
6.235221998423679662e-03
6.097606745649481602e-03
5.674752605306944246e-03
5.547145734552687626e-03
5.434551436828343601e-03
5.216869127894611415e-03
4.733964695432424548e-03
4.683922785332716478e-03
4.331127319129770940e-03
4.125955487720966638e-03
3.965821375401899253e-03
3.678080392328575247e-03
3.460398083394843061e-03
3.537963044049391177e-03
3.355310072185455333e-03
3.062564898102160607e-03
3.225201105926213136e-03
2.907434976793064375e-03
2.934958027347903987e-03
2.779828106038807322e-03
2.797342774573705493e-03
2.579660465639973307e-03
2.499593409480440048e-03
2.339459297161372662e-03
2.334455106151401942e-03
2.296923673576620455e-03
2.216856617417086762e-03
1.991668021968398712e-03
1.926613538838777397e-03
1.951634493888631649e-03
1.971651257928514964e-03
1.829031814144345966e-03
1.788998286064579120e-03
1.686412370360176752e-03
1.556303404100934555e-03
1.636370460260468248e-03
1.356135763702100540e-03
1.313600140117348334e-03
1.376152527741983855e-03
1.328612713147260928e-03
1.293583376077464802e-03
1.268562421027610550e-03
1.163474409818222822e-03
1.013348679519097311e-03
1.085909449163674489e-03
9.683109604293596356e-04
8.907459997748114113e-04
8.607208537149863307e-04
7.606370335155693231e-04
9.232732413396219605e-04
6.780678818510502701e-04
7.331139829607296026e-04
6.905783593759773960e-04
6.605532133161523154e-04
5.779840616516332625e-04
4.678918594322745432e-04
4.753981459472307863e-04
4.829044324621870835e-04
4.003352807976680305e-04
3.477912751929741124e-04
3.427870841830032837e-04
2.927451740832947799e-04
2.702263145384259423e-04
2.226864999437028528e-04
1.826529718639360335e-04
1.426194437841692413e-04
1.125942977243441336e-04
4.503771908973765479e-05
3.502933706979595674e-05
0.000000000000000000e+00
