2.752594320146738396e-05
9.008490502298416693e-05
1.226155651701728863e-04
1.926816024102716708e-04
2.577429227046491096e-04
3.353160353633299396e-04
4.053820726034287241e-04
4.228985819134534066e-04
5.004716945721342366e-04
4.504245251149208346e-04
5.555235809750689842e-04
5.930589580679790493e-04
5.830495241765363580e-04
8.432948053540462218e-04
7.056650893467092444e-04
7.006603724009879530e-04
8.457971638269068133e-04
8.883372578655382781e-04
1.013455181508571756e-03
1.018459898454293156e-03
1.093530652640113286e-03
1.086023577221531186e-03
1.106042445004416569e-03
1.216146217810286281e-03
1.236165085593171663e-03
1.348771216871901858e-03
1.471386782042074636e-03
1.393813669383393806e-03
1.491405649824960019e-03
1.651556592088043078e-03
1.701603761545256426e-03
1.676580176816649644e-03
1.736636780165305791e-03
1.726627346273863209e-03
1.736636780165305791e-03
1.851745269916896686e-03
1.904294797846970734e-03
2.106985834148685042e-03
2.119497626512988325e-03
2.232103757791718737e-03
2.222094323900275937e-03
2.304672153504677950e-03
2.452311303403457727e-03
2.459818378822039610e-03
2.564917434682188139e-03
2.722566018472410282e-03
2.827665074332558377e-03
2.802641489603951812e-03
2.945275922557010189e-03
3.032858469107133602e-03
2.997825450487084237e-03
3.278089599447479158e-03
3.333141485850414122e-03
3.635926861066555126e-03
3.803584878748220068e-03
3.816096671112523351e-03
4.111374970910082471e-03
4.018787707414237659e-03
4.186445725095903035e-03
4.574311288389306535e-03
4.659391476466569898e-03
4.704433928978062063e-03
5.087294775325744596e-03
5.202403265077335491e-03
5.737907978269518768e-03
5.722893827432355002e-03
6.073224013632848653e-03
6.541165048057794550e-03
6.678794764065131527e-03
6.891495234258288201e-03
7.244327778931643202e-03
7.607169757496440136e-03
8.045082490247058501e-03
8.513023524672003531e-03
9.008490502298415609e-03
9.346308896134606845e-03
1.032723341749599080e-02
1.072010369773511614e-02
1.165098104963928523e-02
1.196127350027400768e-02
1.319243386892145903e-02
1.461377348150631923e-02
1.595253526448678003e-02
1.686839846555378275e-02
1.872765081088926392e-02
2.107486305843257399e-02
2.426036539438420833e-02
2.818156112135688021e-02
3.500799503532078805e-02
5.520453026977927002e-02
5.528210338243794847e-02
3.478778748970905166e-02
2.815903989510113239e-02
2.410271681059398402e-02
2.125002815153281821e-02
1.854247628389757430e-02
1.687590554097236767e-02
1.553964611646476736e-02
1.451367914259189297e-02
1.324498339685153264e-02
1.202883717904124593e-02
1.152085840905052970e-02
1.076014143330088560e-02
1.047737492586763020e-02
9.311275877514556612e-03
9.063542388701351440e-03
8.447962204377625767e-03
8.040077773301335801e-03
7.617179191387882936e-03
7.081674478195699660e-03
6.776386744506697306e-03
6.568690991259261598e-03
6.466094293871973986e-03
6.040693353485660638e-03
5.437624961526238247e-03
5.670344299502280520e-03
5.187389114240171725e-03
5.024735813504227315e-03
4.651884401047987581e-03
4.684415061195176463e-03
4.581818363807888851e-03
4.168929215785877919e-03
4.033801858251402292e-03
4.148910348002993187e-03
3.618410351756530443e-03
3.816096671112523351e-03
3.488287711167775782e-03
3.268080165556036358e-03
3.310620259594668040e-03
3.195511769843077145e-03
2.835172149751140260e-03
3.040365544525715485e-03
2.727570735418131682e-03
2.857693376006886343e-03
2.587438660937933788e-03
2.494851397442088975e-03
2.454813661876318644e-03
2.319686304341842149e-03
2.379742907690498080e-03
2.091971683311521276e-03
2.242113191683161536e-03
2.132009418877292041e-03
2.207080173063112171e-03
1.959346684249905698e-03
1.936825457994159399e-03
1.724124987801002509e-03
1.669073101398067761e-03
1.684087252235231744e-03
1.704106120018117126e-03
1.706608478490977826e-03
1.378799518546229824e-03
1.493908008297820719e-03
1.366287726181926541e-03
1.413832537166279189e-03
1.341264141453319758e-03
1.248676877957474946e-03
1.193624991554540198e-03
1.148582539043048033e-03
1.053492917074342521e-03
1.010952823035711056e-03
1.010952823035711056e-03
9.308773519041696346e-04
8.983466917569809694e-04
8.758254655012348870e-04
8.482995222997675132e-04
8.157688621525788480e-04
7.557122588039227006e-04
6.481108444709137969e-04
5.605282979207903840e-04
4.879599022078308997e-04
4.679410344249455172e-04
4.579316005335028260e-04
3.628419785647973134e-04
3.753537709291006504e-04
2.677523565960918009e-04
2.452311303403457727e-04
1.851745269916896795e-04
1.576485837902222786e-04
9.258726349584483974e-05
2.752594320146738396e-05
0.000000000000000000e+00
