2.699667940843276275e-05
8.773920807740648233e-05
1.537310910757976696e-04
1.932262331733196922e-04
2.502192230355666162e-04
3.087120284205042801e-04
3.644551720138423175e-04
4.171986845617988750e-04
4.566938266593208976e-04
4.969388765181882630e-04
5.731794989216326816e-04
5.846780845955947860e-04
6.699176001351833188e-04
7.201614201453221571e-04
7.636560703033526930e-04
8.011514583706203776e-04
8.476457395740323933e-04
8.921402667471901252e-04
9.493832258632187941e-04
1.008126000501938365e-03
1.052870496928877842e-03
1.102364409177671121e-03
1.140109766498720659e-03
1.194603063823149701e-03
1.260344977567759211e-03
1.317837905937569625e-03
1.330086399372877072e-03
1.404327267746067207e-03
1.523062663292415074e-03
1.520313001500815447e-03
1.601303039726113776e-03
1.627549811373201101e-03
1.664545260932905188e-03
1.765032900953182864e-03
1.852022201269243936e-03
1.907765344862581919e-03
1.927762885165124757e-03
2.041248926382055115e-03
2.075744683403941103e-03
2.142236504909896064e-03
2.273220393891551162e-03
2.314465320765545994e-03
2.371958249135356408e-03
2.482444659306905395e-03
2.549436419320423412e-03
2.676420800241570159e-03
2.802155334893808181e-03
2.868647156399762709e-03
2.955136518208260291e-03
3.033126925388177249e-03
3.116866625405075204e-03
3.274347255287599588e-03
3.415329914420526213e-03
3.568311097734978756e-03
3.736040467022556412e-03
3.781784840464622651e-03
4.004007507076629349e-03
4.094496376945635716e-03
4.311969627735788395e-03
4.520943923897360883e-03
4.627930764515964142e-03
4.836405122169973141e-03
4.972888334734827491e-03
5.208359371797269266e-03
5.528070047384171619e-03
5.649055166214555189e-03
5.937769654332516849e-03
6.227484019465605487e-03
6.517448353852476305e-03
6.914399528857950381e-03
7.218362141456600642e-03
7.574068389588080319e-03
7.993016858926352275e-03
8.389968033931827218e-03
9.065134988396427937e-03
9.521078907294403329e-03
1.012025520860934148e-02
1.074317858903354843e-02
1.134310479810983312e-02
1.237072840040675040e-02
1.317162988952358914e-02
1.421925103212304947e-02
1.571606692376837505e-02
1.686692536817971377e-02
1.882518450230621573e-02
2.119014361233568372e-02
2.402079544216061471e-02
2.834701331736196386e-02
3.518742194710050564e-02
5.525320385592571992e-02
5.524195523950554271e-02
3.515442600560131359e-02
2.832526599228294903e-02
2.409353649501111416e-02
2.121014115263822677e-02
1.880543693125745486e-02
1.685292708996793259e-02
1.576831049780877056e-02
1.422325054018355739e-02
1.319887653818580323e-02
1.237972729354289494e-02
1.144034283783094616e-02
1.069493452305366431e-02
1.012900413249170385e-02
9.492582412363280084e-03
9.046637263616574484e-03
8.394217511246117314e-03
7.990517166388533959e-03
7.553570910777974642e-03
7.249608298179323514e-03
6.899401373631043090e-03
6.483952473845717296e-03
6.295475656494251351e-03
5.988263443596437974e-03
5.731794989216326165e-03
5.523570600816099345e-03
5.269601838973805852e-03
4.970888580704573532e-03
4.791910594996815626e-03
4.664176306314323645e-03
4.529942817033504564e-03
4.305470427137462162e-03
4.125242595160795098e-03
4.006757168868228976e-03
3.825029521368871442e-03
3.738290190306592115e-03
3.527066170860983924e-03
3.447575948158376497e-03
3.256849407522874849e-03
3.120616164211801810e-03
3.042875726285667031e-03
2.998881137620072572e-03
2.848649616097220089e-03
2.796156072803045439e-03
2.655173413670118381e-03
2.542687249468315435e-03
2.497192845280030507e-03
2.397955051528661771e-03
2.344461631219360142e-03
2.289718364641149355e-03
2.150235521030913199e-03
2.094742346691357178e-03
2.057246958624089385e-03
1.944760794422286006e-03
1.908515252623927154e-03
1.864520663958333128e-03
1.760533454385110590e-03
1.683542924220320829e-03
1.647547351675743938e-03
1.561557928374809846e-03
1.557308451060519534e-03
1.495816014630200553e-03
1.430074100885591042e-03
1.349084062660292713e-03
1.302589781456880806e-03
1.263344608613140583e-03
1.212100911587874657e-03
1.144359243813010971e-03
1.097115054848253612e-03
1.060119605288549526e-03
1.020624463191027557e-03
9.568823034766723310e-04
9.076383604816607971e-04
8.216489371807268131e-04
8.029012431470929165e-04
7.489078843302273639e-04
7.086628344713600527e-04
6.486702135637316489e-04
6.139244872880635908e-04
5.746793144443233673e-04
5.031881078627328590e-04
4.579436729282298385e-04
3.959512979903472051e-04
3.579559714155158682e-04
3.139613827499217343e-04
2.494693152742212734e-04
1.919763869044107513e-04
1.407326898791448524e-04
8.373970001689791485e-05
2.999631045381418159e-05
0.000000000000000000e+00
