6.026734594661919995e-06
2.410693837864767998e-05
6.227625747817317977e-05
6.026734594661920164e-05
7.834754973060496417e-05
1.124990457670225179e-04
1.366059841456701877e-04
1.566950994612099283e-04
1.848198609029655544e-04
2.169624454078291232e-04
2.290159145971529784e-04
2.310248261287069498e-04
2.732119682913403754e-04
3.214258450486357421e-04
3.113812873908658853e-04
3.354882257695135416e-04
3.575862526166072807e-04
3.636129872112691948e-04
3.616040756797152234e-04
3.917377486530247937e-04
5.343704673933569226e-04
5.022278828884933809e-04
5.263348212671410372e-04
5.082546174831552950e-04
5.725397864928823783e-04
5.966467248715301430e-04
6.127180171239619139e-04
6.267803978448397133e-04
6.488784246919333983e-04
6.970923014492288192e-04
7.674042050536178166e-04
7.694131165851717880e-04
7.694131165851717880e-04
7.975378780269274954e-04
8.176269933424672089e-04
8.015557010900354381e-04
9.261082160463817705e-04
9.924022965876629337e-04
1.010482500371648676e-03
1.104901342354685330e-03
1.032580527218742361e-03
1.084812227039145616e-03
1.189275626679952343e-03
1.165168688301304687e-03
1.267623176410557226e-03
1.277667734068327083e-03
1.426327187403321180e-03
1.382131133709133810e-03
1.516728206323249891e-03
1.661369836595136045e-03
1.570968817675207118e-03
1.773868882362158441e-03
1.729672828667971072e-03
1.882350105066073111e-03
1.848198609029655598e-03
1.940608539481138281e-03
2.085250169753024435e-03
2.155562073357413649e-03
2.121410577320995920e-03
2.253998738403558029e-03
2.354444314981257030e-03
2.394622545612336457e-03
2.691941452282324218e-03
2.714039479129418120e-03
2.714039479129418120e-03
2.836583082554210589e-03
3.121848520034874522e-03
3.214258450486357638e-03
3.515595180219453341e-03
3.758673475537484092e-03
3.812914086889441535e-03
4.027867620765716687e-03
4.311124146714827299e-03
4.600407407258599174e-03
4.879646110144601409e-03
5.154866989967496135e-03
5.556649296278290406e-03
5.940351398805099152e-03
6.171376224933806075e-03
6.764005126742228709e-03
6.918691314671884286e-03
7.884977761349346026e-03
8.445464078652905118e-03
9.190770256859428708e-03
1.017111908425776673e-02
1.123785110751292747e-02
1.301573781293819364e-02
1.490612356413048220e-02
1.792752650758765859e-02
2.751807015922632868e-02
2.763458702805645859e-02
1.834538010615088463e-02
1.525366525908932076e-02
1.358827759943107699e-02
1.204543354319762526e-02
1.137847491472170590e-02
1.042625084876512218e-02
9.968219019570815839e-03
9.727149635784339277e-03
9.365545560104623565e-03
9.504160455781849107e-03
8.897469173252547589e-03
8.690551285502489190e-03
8.760863189106878404e-03
8.696578020097151321e-03
8.945683050009842902e-03
8.903495907847209720e-03
9.220903929832737628e-03
9.224921752895845137e-03
9.823577389298929902e-03
1.004857548083297469e-02
1.049053601777484926e-02
1.111731641561968832e-02
1.225636925401079116e-02
1.295346155546002118e-02
1.442599370808908370e-02
1.560723368864281972e-02
1.868287724345195355e-02
2.224065956583403877e-02
3.256847374955301744e-02
3.240173409243403413e-02
2.252793391484625776e-02
1.883957234291316202e-02
1.629629034396583298e-02
1.486996315656251115e-02
1.315435270861541744e-02
1.233069898067828962e-02
1.170391858283344882e-02
1.065727567489382910e-02
1.036196567975539509e-02
9.395679233077934220e-03
9.492106986592524845e-03
8.527829451446616860e-03
8.128056056667377210e-03
7.619801439184220940e-03
7.543462800985170462e-03
7.201947840620994898e-03
6.647488257912097936e-03
6.557087238992169442e-03
6.219590101691101387e-03
5.862003849074494052e-03
5.661112695919096917e-03
5.717362218802608115e-03
5.277410593392288171e-03
5.142813520778171874e-03
5.066474882579121396e-03
4.686790603115420159e-03
4.349293465814352104e-03
4.429649927076511826e-03
4.250856800768207724e-03
4.218714216263344183e-03
3.975635920945312998e-03
3.429211984362632790e-03
3.666263545086001410e-03
3.168053485260616080e-03
3.220285185081019335e-03
3.151982193008184309e-03
2.947073216789679231e-03
2.961135597510556813e-03
2.710021656066310177e-03
2.732119682913403645e-03
2.394622545612336457e-03
2.565380025794424240e-03
2.061143231374376779e-03
2.121410577320995920e-03
1.932572893354922395e-03
1.826100582182561913e-03
1.745744120920402842e-03
1.657352013532028103e-03
1.518737117854803862e-03
1.376104399114471896e-03
1.183248892085290429e-03
1.118963723075563129e-03
9.261082160463817705e-04
7.694131165851717880e-04
7.232081513594304468e-04
5.223169982040330945e-04
4.118268639685645615e-04
2.491050299126927191e-04
8.839210738837483450e-05
0.000000000000000000e+00
