8.040104038946263638e-06
3.417044216552162427e-05
3.819049418499475694e-05
7.035091034077981149e-05
1.165815085647208270e-04
1.105514305355111246e-04
1.145714825549842640e-04
1.708522108276081214e-04
1.829123668860274990e-04
2.271329391002319651e-04
2.391930951586513428e-04
3.015039014604848754e-04
2.753735633339095571e-04
3.115540315091677444e-04
3.477344996844259316e-04
3.336643176162699368e-04
3.959751239181034965e-04
3.738648378110012499e-04
4.200954360349423060e-04
4.200954360349423060e-04
4.361756441128348096e-04
4.703460862783564339e-04
5.628072827262384920e-04
5.266268145509802505e-04
6.070278549404428767e-04
6.492384011449108070e-04
6.874288953299056114e-04
5.788874908041309955e-04
6.773787652812226882e-04
6.673286352325398735e-04
7.497397016317390627e-04
7.236093635051637444e-04
8.321507680309383603e-04
8.703412622159330562e-04
8.502410021185674268e-04
9.286320164982934900e-04
9.788826667417075637e-04
9.808926927514442350e-04
1.033153369004594872e-03
1.059283707131170298e-03
1.105514305355111354e-03
1.159785007617998662e-03
1.159785007617998662e-03
1.206015605841939502e-03
1.254256230075617229e-03
1.236165995987988054e-03
1.425108440903225188e-03
1.507519507302424594e-03
1.465308961097956664e-03
1.537669897448472930e-03
1.531639819419263349e-03
1.604000755769779615e-03
1.764802836548704868e-03
1.873344241074479484e-03
1.931634995356839917e-03
1.935655047376313043e-03
1.983895671609990554e-03
2.048216503921560568e-03
2.120577440272077268e-03
2.311529911197051073e-03
2.448211679859137353e-03
2.410021185674142766e-03
2.544692928326492375e-03
2.727605295212519928e-03
2.803986283582509537e-03
2.926597870176439985e-03
2.930617922195913327e-03
3.123580419130623370e-03
3.457244736746893470e-03
3.700457883925018128e-03
4.007991863414712801e-03
3.999951759375766115e-03
4.355726363099138299e-03
4.353716337089402061e-03
4.809992241299602608e-03
5.115516194779560176e-03
5.519531422736609870e-03
5.851185714343143732e-03
6.212990396095725495e-03
6.590875285926199763e-03
7.103431918409024506e-03
7.798900917777876370e-03
8.526530333302513240e-03
9.201899072573998389e-03
9.971739034303104057e-03
1.104710294951216643e-02
1.267321399138904812e-02
1.534855861034841763e-02
1.826108629845670309e-02
2.741876479881649731e-02
2.785896049494880622e-02
1.867716168247217021e-02
1.605005768774648081e-02
1.355159535764392797e-02
1.210839668265307340e-02
1.126820581058318900e-02
1.045012522462040669e-02
9.889327967903904434e-03
9.800886823475496099e-03
9.346620945275031789e-03
8.998886445590605423e-03
8.785823688558529534e-03
8.852154546879835786e-03
8.775773558509846611e-03
8.697382544130121199e-03
8.805923948655895381e-03
8.653161971915917031e-03
9.161698552379268432e-03
9.465212479849488894e-03
9.833047239631281106e-03
1.006420023075098660e-02
1.066720803367195505e-02
1.141091765727448443e-02
1.210638665664333716e-02
1.302697856910268494e-02
1.418877360273041940e-02
1.589126563297729028e-02
1.780883044626597328e-02
2.231329873408561745e-02
3.221870691006741699e-02
3.223880717016477937e-02
2.235550928029008538e-02
1.875153264483242488e-02
1.629528086093433997e-02
1.498072385056662716e-02
1.315562023372582497e-02
1.258075279494116731e-02
1.174056192287128118e-02
1.079785972430483305e-02
1.037173421024068128e-02
9.658174976784198937e-03
8.902405197123250402e-03
8.500399995175936946e-03
8.239096613910184413e-03
7.587848186755536718e-03
7.423026053957138340e-03
7.045141164126664073e-03
6.771777626802490645e-03
6.436103283176484308e-03
6.227060578163881761e-03
6.124549251667316292e-03
5.605962541155282836e-03
5.465260720473722779e-03
5.294408509646114820e-03
5.117526220789297281e-03
4.834112553416440930e-03
4.705470888793300901e-03
4.458237689595703768e-03
4.379846675215977488e-03
4.303465686845987445e-03
4.036132227551024465e-03
3.961761265190771528e-03
3.545685881175302239e-03
3.605986661467399344e-03
3.356743436260065105e-03
3.244181979714817581e-03
3.330613098133489679e-03
2.990918702488009999e-03
2.763785763387778278e-03
2.826096569689611621e-03
2.703484983095681173e-03
2.570823266453067801e-03
2.321580041245733562e-03
2.331630171294416486e-03
2.096457128155238513e-03
2.124597492291550177e-03
1.847213902947904057e-03
1.724602316353973609e-03
1.597970677740570035e-03
1.591940599711360238e-03
1.398978102776649978e-03
1.191945423773783670e-03
1.095464175306428431e-03
1.057273681121433627e-03
8.502410021185674268e-04
6.974790253785884261e-04
5.366769445996631737e-04
4.241154880544154319e-04
2.452231731878610588e-04
8.643111841867234216e-05
2.010026009736565910e-06
