1.125913296633921283e-05
3.578795835729249895e-05
5.488827321090366911e-05
7.519492373947974978e-05
8.846461616409382646e-05
1.174166723632518009e-04
1.405381061334126885e-04
1.652679874701934524e-04
1.875851974570444088e-04
2.086960717689304208e-04
2.207594285185795666e-04
2.575526666050095034e-04
2.601663939007668107e-04
2.995733592829540547e-04
3.019860306328838893e-04
3.381761008818313539e-04
3.723556116725039835e-04
3.741651151849513459e-04
4.099530735422438651e-04
4.497621508160861087e-04
4.541853816242907784e-04
4.829363818776212665e-04
5.020366967312324706e-04
5.440573894091770219e-04
5.663745993960279512e-04
6.009562220783555260e-04
6.087974039656274478e-04
6.490085931311246909e-04
6.749448101428703450e-04
7.320446987578763760e-04
7.197802860623997304e-04
7.905519789936747699e-04
8.180966435720403137e-04
8.283504968092421242e-04
8.667521824622919507e-04
8.816303224535259036e-04
9.427513299850816047e-04
9.664759315927250053e-04
1.017343085887078896e-03
1.039660295873929934e-03
1.085299995576769101e-03
1.134156590412848265e-03
1.192663870648646767e-03
1.213975800906360279e-03
1.278514759516983287e-03
1.305255200312038831e-03
1.366175151897767006e-03
1.444586970770486657e-03
1.473136915077989618e-03
1.554564573138121414e-03
1.573865943937560090e-03
1.644235524977180184e-03
1.738530763570271098e-03
1.769694435173531366e-03
1.858963275120935083e-03
1.967935597759432748e-03
2.030262940965953285e-03
2.100833577951400580e-03
2.205181613835865886e-03
2.318376111336740639e-03
2.405634391825869304e-03
2.517823609597606531e-03
2.611113568461559918e-03
2.797090318351984437e-03
2.916718606119338749e-03
2.982061788513271864e-03
3.169646985970316164e-03
3.324460064257480415e-03
3.519685387655969219e-03
3.655800262981177048e-03
3.837956949900879315e-03
4.126271176217494521e-03
4.361104520943998204e-03
4.586488236216609317e-03
4.819311021484837948e-03
5.174174765870350780e-03
5.487822041361229385e-03
5.766686638223952020e-03
6.232935376597891972e-03
6.644899009598410726e-03
7.131253342555099461e-03
7.751711991378720974e-03
8.375990703173064739e-03
9.171569080812427138e-03
1.015473265590883384e-02
1.133432789007869299e-02
1.277951802868666255e-02
1.492277441120766317e-02
1.829206995138467351e-02
2.728510135230229061e-02
2.741598877303598469e-02
1.864572736009522183e-02
1.538258935931512313e-02
1.349246241259092691e-02
1.226260319196419667e-02
1.126295302930993558e-02
1.054397696703084607e-02
1.005420468299508992e-02
9.619119616224410668e-03
9.332815949366071381e-03
9.046713338453558212e-03
8.859731308833995733e-03
8.793583902656753812e-03
8.850884847217587587e-03
8.755383272949531295e-03
8.892704483949704503e-03
8.923264987715482516e-03
9.133569507051032474e-03
9.350508872598889409e-03
9.727890882917080914e-03
1.017785408967899347e-02
1.064752077913200083e-02
1.129492092469650683e-02
1.209009719044421352e-02
1.299605528234286551e-02
1.428120488807215448e-02
1.579978044690715649e-02
1.798646491372689338e-02
2.192454772464986004e-02
3.194477395280010540e-02
3.214361828322349207e-02
2.227378190255220256e-02
1.852670224016534847e-02
1.657826906915118095e-02
1.471287200376376718e-02
1.347939377611214080e-02
1.246566969724995609e-02
1.164314982286971181e-02
1.091371885140759307e-02
1.026732398557222460e-02
9.694917707801372145e-03
9.099188940314532209e-03
8.658072195169027804e-03
8.287123975117315425e-03
7.830525922143095896e-03
7.444297450208495377e-03
7.134872349579993861e-03
6.814791283822636131e-03
6.484657420773904876e-03
6.203983320398734173e-03
6.023234025099824702e-03
5.794834470639800145e-03
5.488827321090366911e-03
5.309485417412248935e-03
5.153466003450120174e-03
4.933912910606505497e-03
4.673344404814083579e-03
4.553515061100902282e-03
4.345623213115281346e-03
4.138535588912970950e-03
4.040822399240812622e-03
3.864295278804280240e-03
3.797544704789554762e-03
3.556277569796571520e-03
3.391009582326378041e-03
3.271783406450678999e-03
3.182916678394930119e-03
3.006188502012569885e-03
2.875502137224704088e-03
2.766529814586206858e-03
2.609103009003285300e-03
2.570701323350235365e-03
2.442226573966472039e-03
2.247604418405465491e-03
2.132600417392143538e-03
2.002718276387587416e-03
1.851122093233663161e-03
1.748181448969990436e-03
1.615283468778022169e-03
1.490829838310808297e-03
1.387688138101308153e-03
1.230261332518386595e-03
1.086707387197561681e-03
9.817561834756139034e-04
8.470486997711983287e-04
7.018863068837535250e-04
5.677819910168203140e-04
4.025140035466268887e-04
2.314153936474363225e-04
8.846461616409382646e-05
4.021118916549719019e-07
