2.549651972505753052e-05
7.448983213791317986e-05
1.229832127914539568e-04
1.664772758518462197e-04
2.274689504882583427e-04
2.684633547520763283e-04
3.264554388325993455e-04
3.751987853657975502e-04
4.179429507872175435e-04
4.504385151426830132e-04
5.251783131602536479e-04
5.764213184900261570e-04
5.994181794185093459e-04
6.501612529889670266e-04
6.974048042442206920e-04
7.418987308232425845e-04
7.963912925885616948e-04
8.711310906061322211e-04
8.896285657007818462e-04
9.418714345491840121e-04
9.793663164977979823e-04
1.011861880853263560e-03
1.092600859982612461e-03
1.134345161885402581e-03
1.184338337816888019e-03
1.211584618699547465e-03
1.258828169954801131e-03
1.331818206814769758e-03
1.377062031032764110e-03
1.467799645348410011e-03
1.495045926231069458e-03
1.560037054942000397e-03
1.619029002541153180e-03
1.693768800558723706e-03
1.763009349223830903e-03
1.826500682656817358e-03
1.887242391413572039e-03
1.994477753786607927e-03
2.028473113420017990e-03
2.145207179220036484e-03
2.151206360331814858e-03
2.235444861776367340e-03
2.286937832985797264e-03
2.393423297719861342e-03
2.509407465880907160e-03
2.589896479130598863e-03
2.723628224747321955e-03
2.813116009664680568e-03
2.913602293286966273e-03
3.026336905012465706e-03
3.116574587568796996e-03
3.260304968371817089e-03
3.362541013151704693e-03
3.473525863719602227e-03
3.685496929669100294e-03
3.766985806437421220e-03
3.948960966828027851e-03
4.083692575963381033e-03
4.268667326909877067e-03
4.448142828503909123e-03
4.613620240837125984e-03
4.742852600620015187e-03
5.034812748059889695e-03
5.267031050261639612e-03
5.499249352463388661e-03
5.730217825266851507e-03
6.014928962196660137e-03
6.294640781533320482e-03
6.575352464388611352e-03
6.940552614568111685e-03
7.300503481274806319e-03
7.666953460852593723e-03
8.068898595341735674e-03
8.548583118404338640e-03
9.029767436744884357e-03
9.594190393011353332e-03
1.017461116557589855e-02
1.076403070980811068e-02
1.165690883194443923e-02
1.248204620069360594e-02
1.329493524133955676e-02
1.451851822226266076e-02
1.581384141064744522e-02
1.722989811890677028e-02
1.904490037109934572e-02
2.122285308055450390e-02
2.425768882547532299e-02
2.859159724697578689e-02
3.532342835202995079e-02
5.558216303474575876e-02
5.561065914502670571e-02
3.537467135735972157e-02
2.854285390044258852e-02
2.430468241085092032e-02
2.124584994148298600e-02
1.909964289874432203e-02
1.719565279339370020e-02
1.577084727934636998e-02
1.443277992554016335e-02
1.329543517309887159e-02
1.247929657601737352e-02
1.166790733064936719e-02
1.078927726365351211e-02
1.014886467997118402e-02
9.663430941676461397e-03
9.033516924939746437e-03
8.597826396696850101e-03
8.102643989095489191e-03
7.688700492382789624e-03
7.253259930019552437e-03
6.926304559427638209e-03
6.558104818692248907e-03
6.309138802553451372e-03
6.023677767984670500e-03
5.746465607444583429e-03
5.544493176681383230e-03
5.257032415075342177e-03
5.061809063062892161e-03
4.782347209605889229e-03
4.660863792092378999e-03
4.492636755082931449e-03
4.232172308479892862e-03
4.047697489292711656e-03
3.926214071779202293e-03
3.782483690976181766e-03
3.652001501795005059e-03
3.511770643307188765e-03
3.416283677278051344e-03
3.230059096933268672e-03
3.149070151924262140e-03
3.014838474548224220e-03
2.985092534868990198e-03
2.837362699991451045e-03
2.746125153916490532e-03
2.624641736402981169e-03
2.486160639072766774e-03
2.423669169158409759e-03
2.317433670304003528e-03
2.217947250200347480e-03
2.206448819736105994e-03
2.130209226440590766e-03
2.045220827357065608e-03
2.001976730176330786e-03
1.901990378313360127e-03
1.800754197052102396e-03
1.723264774358300097e-03
1.675021359584416775e-03
1.617029275503893649e-03
1.589533028741576788e-03
1.499045380305588301e-03
1.472548997061901097e-03
1.396809335525700697e-03
1.353065306585651047e-03
1.300072540098276639e-03
1.224332878562076239e-03
1.177839224945794816e-03
1.136844820681976939e-03
1.061605090905091368e-03
1.051606455718794367e-03
9.771166235808812547e-04
9.356222875577483323e-04
8.651319094943540639e-04
8.353859698151202585e-04
7.576465812416605453e-04
7.403989355452980994e-04
6.869062372986087543e-04
6.479115600720501906e-04
6.051673946506301973e-04
5.526745599225706173e-04
5.151796779739565386e-04
4.604371503289800683e-04
4.099440426381799102e-04
3.749488194861401360e-04
3.252056094343122204e-04
2.867108639670684850e-04
2.357178245169534443e-04
1.704767299263650635e-04
1.414806878861035548e-04
7.473979801757060760e-05
2.949597379957635731e-05
0.000000000000000000e+00
