2.000570162496311427e-05
8.502423190609323736e-05
1.150327843435379054e-04
1.525434748903437574e-04
2.225634305777146539e-04
2.925833862650855234e-04
3.551012038430952631e-04
3.676047673586972544e-04
4.101168833117438731e-04
4.501282865616700610e-04
4.276218722335865634e-04
5.526575073896060428e-04
5.401539438740040515e-04
6.576874409206624012e-04
7.527145236392371449e-04
7.927259268891633870e-04
7.927259268891633870e-04
8.327373301390896291e-04
8.877530096077382391e-04
9.452694017795071173e-04
9.977843685450352423e-04
1.025292208279359601e-03
1.137824279919777198e-03
1.137824279919777198e-03
1.320376307247565556e-03
1.252857064263314954e-03
1.282865616700759690e-03
1.302871318325722920e-03
1.405400539153658793e-03
1.352885572388130668e-03
1.550441875934641285e-03
1.540439025122159779e-03
1.615460406215771510e-03
1.727992477856189106e-03
1.848026687605967616e-03
1.833022411387245356e-03
1.900541654371495958e-03
1.953056621137024083e-03
1.983065173574468602e-03
2.113102234136729051e-03
2.273147847136434020e-03
2.253142145511470573e-03
2.265645709027072890e-03
2.473204863386065013e-03
2.485708426901666896e-03
2.633250476385769982e-03
2.853313194260363988e-03
2.803298940197956456e-03
3.108385889978643700e-03
2.933336000760216472e-03
3.133393017009847899e-03
3.285936491900191738e-03
3.375962149212525729e-03
3.516002060587267251e-03
3.643538408446407324e-03
3.793581170633630786e-03
4.038651015539428991e-03
4.066158855273753134e-03
4.278719435038986010e-03
4.456270036960533615e-03
4.466272887773015121e-03
5.016429682459500571e-03
4.916401174334685507e-03
5.051439660303186710e-03
5.334020195755790131e-03
5.814157034754905036e-03
6.049224028848222169e-03
6.341807415113307096e-03
6.511855878925493571e-03
6.889463497096672169e-03
7.599665904782863454e-03
8.034789915125810714e-03
7.952266395922837419e-03
8.364883991937702157e-03
9.142605642608143610e-03
9.885317315434899790e-03
9.955337271122270335e-03
1.082058386640192410e-02
1.138574493730713268e-02
1.227599865961799194e-02
1.339381723791280461e-02
1.413152748533332004e-02
1.553192659908073786e-02
1.730493190559309266e-02
1.918546785833962626e-02
2.132857864491380026e-02
2.417438970106480442e-02
2.877320036210320037e-02
3.573018310218412097e-02
5.530326142950740820e-02
5.527325287706996715e-02
3.581270662138709426e-02
2.887072815752489419e-02
2.407436119293998936e-02
2.137359147356996877e-02
1.914045502968346121e-02
1.728992762937437214e-02
1.557193800233066389e-02
1.419404530291133032e-02
1.324127376302246077e-02
1.212845661013388886e-02
1.131822569432288164e-02
1.076306747423015631e-02
9.917826580575463818e-03
9.870313039216175796e-03
9.147607068014384363e-03
8.462411787359397711e-03
8.067299180266376477e-03
7.957267821329078172e-03
7.497136683954927147e-03
6.934476325752839815e-03
6.551867282175419596e-03
6.314299575378982954e-03
6.166757525894879868e-03
5.821659172864266166e-03
5.276503803584021469e-03
5.021431107865741324e-03
4.746352710522499033e-03
4.923903312444046637e-03
4.416258633710607590e-03
4.356241528835718552e-03
4.153683799882966314e-03
4.183692352320411700e-03
4.131177385554882925e-03
3.908613954977168542e-03
3.621031994118323934e-03
3.358457160290682659e-03
3.335950745962599270e-03
3.243424375947144903e-03
3.330949320556358517e-03
2.815802503713558339e-03
3.030863796181912026e-03
2.840809630744762105e-03
2.743281835323066985e-03
2.635751189088890358e-03
2.555728382589037874e-03
2.600741211245205086e-03
2.485708426901666896e-03
2.283150697948915526e-03
2.210630029558424171e-03
2.125605797652330934e-03
2.070590118183682216e-03
1.965560184652625966e-03
1.835523124090365733e-03
1.843025262199726863e-03
1.815517422465402720e-03
1.773005306512356102e-03
1.555443301340882255e-03
1.470419069434789018e-03
1.602956842700169627e-03
1.557944014044002632e-03
1.325377732653806309e-03
1.365389135903732551e-03
1.287867042107000443e-03
1.207844235607147959e-03
1.265360627778917054e-03
1.105315014779212086e-03
1.075306462341767350e-03
1.095312163966730579e-03
1.010287932060637342e-03
9.502708271857479789e-04
7.727202252642002660e-04
8.377387555453303823e-04
7.377102474205148855e-04
7.552152363423575215e-04
6.526860155144216481e-04
5.376532311708836749e-04
5.451553692802449131e-04
6.276788884832176655e-04
4.951411152178370563e-04
4.476275738585496844e-04
4.601311373741516215e-04
3.826090435774195681e-04
3.075876624838078913e-04
2.725776846401224566e-04
2.400684194995573713e-04
1.775506019215476316e-04
1.150327843435379054e-04
6.501853028113011631e-05
2.500712703120389454e-05
0.000000000000000000e+00
