1.318523338926424239e-05
3.679105445714054591e-05
6.550083683699010439e-05
8.740533746754199638e-05
1.124998139180771636e-04
1.354676398219568185e-04
1.624761017644819536e-04
1.984164960029603081e-04
2.175563509228600138e-04
2.358455456240975145e-04
2.715732748079103111e-04
2.970930813677765672e-04
3.198482422169906777e-04
3.504720100888302175e-04
3.681232096260710442e-04
3.740778311567065058e-04
4.208641431831280206e-04
4.525512363282952963e-04
4.757317272868405228e-04
4.993375483547167568e-04
5.312373065545496990e-04
5.797249390182956236e-04
5.863175557129276507e-04
6.311898822473592519e-04
6.471397613472756145e-04
6.883967819523927837e-04
7.213598654255534617e-04
7.353957590334798565e-04
7.645308715226604903e-04
8.198237857357041627e-04
8.347103395622927895e-04
8.793700010420587784e-04
9.506127943550188135e-04
9.561420857763231048e-04
9.654993481816074403e-04
1.027597544143948752e-03
1.081189137919667852e-03
1.144350659155337008e-03
1.225588710037577890e-03
1.249194531105454233e-03
1.293428862475888997e-03
1.362757670296859064e-03
1.385300166091407671e-03
1.435914449101809067e-03
1.538844335559936541e-03
1.554794214659852795e-03
1.650280824204685901e-03
1.681117257131190890e-03
1.776603866676023996e-03
1.835086756709050767e-03
1.926320065160572713e-03
1.993522222434887092e-03
2.094325458346358877e-03
2.159188300019352497e-03
2.272538774156091824e-03
2.351012179327680723e-03
2.480737862673667530e-03
2.574523151781176172e-03
2.643213964438149727e-03
2.803563415655976020e-03
2.943284356571243890e-03
3.100656497023752695e-03
3.211454990504505110e-03
3.375632412706311772e-03
3.493661518045693051e-03
3.680594101096713606e-03
3.879648592263670696e-03
4.023197504162918069e-03
4.276906914378921995e-03
4.470857444233905693e-03
4.713295606552635533e-03
5.004221401335111515e-03
5.268351399229727512e-03
5.588624971556048655e-03
5.837017755405414336e-03
6.258732558807203993e-03
6.678108046607673758e-03
7.121514685585349572e-03
7.561944013797708766e-03
8.111895845162827787e-03
8.667164302894584185e-03
9.378741575805522521e-03
1.013476584514156134e-02
1.105241555602341948e-02
1.214615193216835379e-02
1.333962821895143432e-02
1.509921888125421302e-02
1.735644577147438597e-02
2.095410050125153315e-02
3.068352675220055101e-02
3.077965135690938214e-02
2.125714820414994696e-02
1.775944605006560609e-02
1.559026249247697296e-02
1.409905512916212120e-02
1.299383484006524578e-02
1.209022102279131393e-02
1.129442838823281788e-02
1.078445758714482311e-02
1.025662292146492169e-02
9.905300251157428751e-03
9.628410349982879923e-03
9.303883476563247837e-03
9.218179459533029640e-03
9.043581449652612209e-03
8.940013568030487356e-03
9.020826288803397014e-03
9.108869621434936836e-03
9.184365715841207381e-03
9.463807597671743121e-03
9.706033094935806807e-03
1.006862701314057383e-02
1.047311594711445443e-02
1.121297767229591062e-02
1.213955931547372122e-02
1.296002109637342352e-02
1.453076519013319148e-02
1.659127690478772940e-02
2.022784933956867440e-02
3.051063006275745934e-02
3.023118818092692187e-02
2.024996650525388853e-02
1.667676825676327884e-02
1.465389825678454702e-02
1.301722799607845683e-02
1.174059967292114676e-02
1.076276575156893608e-02
1.001843806023950366e-02
9.233916673578281692e-03
8.609744738134885583e-03
8.192070570771739849e-03
7.669552531458478407e-03
7.188716842859664384e-03
6.822720283780249299e-03
6.452895753716853845e-03
6.174304532104980120e-03
5.799163375674945553e-03
5.535246042834995710e-03
5.273880690651031912e-03
5.072061553773422188e-03
4.841532634515964030e-03
4.555072805881465146e-03
4.408546583216899420e-03
4.198646174261999250e-03
4.030215450966882079e-03
3.860508737343771018e-03
3.748859583644356154e-03
3.566605631795977550e-03
3.319914168383936767e-03
3.249309370234973460e-03
3.057485490926645233e-03
2.871403568094287127e-03
2.792717497868032941e-03
2.695104237776544363e-03
2.562188578610573916e-03
2.449901429747162324e-03
2.325279707713148909e-03
2.250634273525539946e-03
2.097940764275673525e-03
1.966088430383030813e-03
1.895058302124736499e-03
1.798721032361241378e-03
1.688985864153816482e-03
1.588820623406341209e-03
1.507582572524100327e-03
1.362119675132862553e-03
1.282795609742611422e-03
1.179015063065821933e-03
1.095437696582259859e-03
1.028448204362610984e-03
9.244549926311558833e-04
8.219504362823596344e-04
7.156179089495834497e-04
6.260859209353859681e-04
5.357032727025262545e-04
4.474472750163220667e-04
3.502593450341646595e-04
2.449901429747162649e-04
1.563088151791809340e-04
4.423433137043487965e-05
6.379951639966568692e-07
