2.126971702768466253e-05
4.466640575813779165e-05
4.041246235260085847e-05
1.042216134356548562e-04
1.254913304633395086e-04
1.318722455716449151e-04
1.978083683574673591e-04
1.765386513297827068e-04
2.254590004934574452e-04
2.212050570879204984e-04
2.424747741156051779e-04
2.850142081709744826e-04
3.445694158484915743e-04
3.530773026595654136e-04
3.849818782010924192e-04
3.892358216066293388e-04
3.892358216066293388e-04
4.402831424730725370e-04
4.530449726896833501e-04
5.338698973948850400e-04
5.040922935561264941e-04
5.381238408004219596e-04
5.679014446391805054e-04
6.210757372083922177e-04
7.167894638329731262e-04
6.572342561554561429e-04
6.487263693443821953e-04
7.231703789412786141e-04
7.465670676717316720e-04
7.784716432132586777e-04
8.656774830267658554e-04
9.698990964624207116e-04
9.975497285984106892e-04
9.847878983817999303e-04
1.095390426925760274e-03
1.044343106059317022e-03
1.059231907978696241e-03
1.093263455222991815e-03
1.208119927172488861e-03
1.186850210144804263e-03
1.291071823580459011e-03
1.274056049958311333e-03
1.352754002960744563e-03
1.388912521907808596e-03
1.569705116643128114e-03
1.537800541101601217e-03
1.661164899862172320e-03
1.605863635590192148e-03
1.756878626486753229e-03
1.871735098436250492e-03
1.916401504194388148e-03
2.022750089332811356e-03
2.067416495090949446e-03
2.156749306607224758e-03
2.235447259609658205e-03
2.377954363695145446e-03
2.539604213105548826e-03
2.582143647160918022e-03
2.731031666354710643e-03
2.854396025115281746e-03
2.952236723442631331e-03
3.058585308581054756e-03
3.130902346475182389e-03
3.311694941210502341e-03
3.607344007895319123e-03
3.709438649628205194e-03
3.858326668821997815e-03
4.173118480831731168e-03
4.139086933587435811e-03
4.381561707703041098e-03
4.679337746090626339e-03
4.789940274634586249e-03
5.321683200326702938e-03
5.587554663172761282e-03
5.823648522180061189e-03
6.197995541867310984e-03
6.593612278582245377e-03
7.293385968793071258e-03
7.480559478636696590e-03
8.367506678691146935e-03
8.348363933366230796e-03
9.322516973234188861e-03
1.041790740015994914e-02
1.111130017526246877e-02
1.172812196906532385e-02
1.325954159505862012e-02
1.540140209974646436e-02
1.732631149075192570e-02
2.110806717827426113e-02
3.071559835967942187e-02
3.057309125559393506e-02
2.146539842433936238e-02
1.764535724616719814e-02
1.623517500723170234e-02
1.398909288910820357e-02
1.268951317871667116e-02
1.196846977147815981e-02
1.155796423284384707e-02
1.059444605148973130e-02
1.002441763514778234e-02
9.884037502765063987e-03
9.637308785243920914e-03
9.494801681158434106e-03
9.362929435586789598e-03
9.037502765063213511e-03
9.048137623577055810e-03
9.001344246116149694e-03
9.135343463390562663e-03
9.001344246116149694e-03
9.373564294100631897e-03
9.737276455274038525e-03
1.006483009750038307e-02
1.028178121118276597e-02
1.146437747792203310e-02
1.200037434701968671e-02
1.285967091493814794e-02
1.471651721145501857e-02
1.674777518759890463e-02
2.036150011060252826e-02
2.963084279126750389e-02
3.004985621671289395e-02
2.036788102571083364e-02
1.668396603651585083e-02
1.434217019176776790e-02
1.331696983103336854e-02
1.201100920553352901e-02
1.105387193928772036e-02
1.026901938096615521e-02
9.220422331501301055e-03
8.688679405809184367e-03
8.029318177950960089e-03
7.652844186560941835e-03
7.278497166873692040e-03
6.772277901614796869e-03
6.695706920315132316e-03
6.127805475675951810e-03
5.668379587877962755e-03
5.606697408497677421e-03
5.419523898654052090e-03
4.783559359526280870e-03
4.787813302931817790e-03
4.626163453521413976e-03
4.511306981571917146e-03
4.132706018479130432e-03
4.126325103370825052e-03
3.796644489441712480e-03
3.766866885602954042e-03
3.643502526842382939e-03
3.352107403563103077e-03
3.171314808827783559e-03
3.211727271180384296e-03
2.890554544062345996e-03
2.877792713845734804e-03
2.714015892732562964e-03
2.533223297997243446e-03
2.335414929639776250e-03
2.377954363695145446e-03
2.192907825554289009e-03
2.229066344501352825e-03
1.897258758869472010e-03
1.893004815463935090e-03
1.744116796270142470e-03
1.654783984753866941e-03
1.580339975156970413e-03
1.412309210638261654e-03
1.414436182341030114e-03
1.184723238442035803e-03
1.288944851877690551e-03
1.016692473923326828e-03
1.033708247545474723e-03
9.188517755959774592e-04
8.550426245129234479e-04
6.699960863720669018e-04
6.317105957222345167e-04
5.466317276114959073e-04
4.913304633395157352e-04
3.232996988208068677e-04
2.552366043322159910e-04
1.446340757882557011e-04
3.828549064983239187e-05
2.126971702768466168e-06
