9.114215824630726877e-05
2.910668924640135336e-04
5.056919747859629473e-04
6.468153165866967653e-04
8.290996330793113300e-04
9.614027660174993047e-04
1.137806943268416604e-03
1.290690563552544844e-03
1.493555367391099890e-03
1.540596481324677794e-03
1.669959544642017190e-03
1.752281494025778466e-03
1.925745601655847296e-03
2.137430614356948186e-03
2.143310753598645126e-03
2.210932354878163402e-03
2.440257785304356195e-03
2.381456392887383762e-03
2.551980430896603688e-03
2.743084956251764205e-03
2.798946279047887734e-03
2.984170665161350877e-03
2.943009690469470131e-03
2.969470317057108094e-03
3.216436165208392140e-03
3.569244519710226739e-03
3.519263336155800150e-03
3.675087026060777293e-03
3.525143475397497523e-03
3.801510019757268002e-03
4.022015241320914085e-03
4.251340671747106878e-03
4.489486311035845514e-03
4.624729513594882067e-03
4.983418007338413606e-03
4.683530906011854067e-03
4.998118355442657257e-03
5.189222880797816906e-03
5.292125317527518989e-03
5.597892558095775468e-03
5.739015899896509829e-03
5.936000564493367285e-03
6.350550381033022787e-03
6.659257691222128170e-03
6.912103678615109589e-03
7.067927368520086732e-03
7.397215166055131838e-03
7.700042337002540281e-03
8.202794242167655084e-03
8.667325242261736742e-03
8.814328723304168042e-03
9.596387242449901794e-03
1.022556214131150644e-02
1.079593564775613822e-02
1.153095305296829472e-02
1.292160598362969252e-02
1.412997459779847566e-02
1.581757456016558497e-02
1.866062188352620235e-02
2.620484053062376376e-02
2.635478408128704569e-02
1.819903095305296786e-02
1.527072161068774095e-02
1.385360805343870474e-02
1.243649449618967028e-02
1.152507291372659691e-02
1.064305202747201085e-02
1.026966318562423479e-02
9.819832533634395913e-03
9.364121742402860965e-03
8.879010254962836982e-03
8.852549628375200319e-03
8.561482735911186623e-03
8.684965659986828429e-03
8.585003292877976117e-03
8.470340577664879286e-03
8.558542666290337719e-03
8.846669489133502512e-03
8.931931508138112041e-03
9.281799793019098604e-03
9.843353090601185407e-03
1.019028130586132307e-02
1.078417536927274434e-02
1.152507291372659691e-02
1.219540878728008274e-02
1.383890770533446196e-02
1.570879198419418421e-02
1.867238216200959797e-02
2.251799322607959258e-02
3.589825007056167416e-02
3.530435600715024769e-02
2.237392981465801192e-02
1.826665255433248744e-02
1.526190140182519597e-02
1.281576347727914240e-02
1.178085897074042723e-02
1.027260325524508369e-02
9.519945432307837241e-03
8.476220716906577093e-03
7.867626305390911304e-03
7.438376140747013018e-03
6.853302286198137590e-03
6.241767805061623764e-03
6.221187317715683174e-03
5.356806849186188796e-03
5.421488380844858603e-03
5.056919747859629256e-03
4.374823595822748684e-03
4.266041019851349661e-03
3.839730924828299845e-03
3.698607583027565919e-03
3.933813152695455652e-03
3.569244519710226739e-03
3.137054285445479550e-03
3.104713519616144647e-03
2.913608994260984131e-03
2.822466836014676794e-03
2.790126070185341891e-03
2.619602032176121965e-03
2.493179038479631255e-03
2.310894721987016582e-03
2.360875905541443172e-03
2.216812494119860776e-03
2.025707968764700259e-03
1.981606924451971043e-03
2.075689152319126849e-03
1.902225044689058236e-03
1.849303791513782960e-03
1.708180449713049250e-03
1.708180449713049250e-03
1.684659892746260190e-03
1.546476620566374950e-03
1.514135854737040264e-03
1.478855019286856674e-03
1.414173487628187084e-03
1.355372095211214651e-03
1.164267569856054134e-03
1.137806943268416604e-03
1.220128892652178098e-03
1.137806943268416604e-03
1.217188823031329411e-03
1.014324019192774581e-03
1.026084297676168895e-03
9.496424875341047747e-04
9.408222786715589314e-04
8.555602596669488599e-04
8.673205381503433899e-04
8.496801204252517033e-04
7.879386583874305834e-04
8.085191457333709567e-04
8.026390064916736917e-04
7.026766393828206203e-04
6.673958039326371387e-04
6.409351773449995003e-04
6.144745507573619705e-04
5.586132279612381155e-04
5.762536456863298021e-04
5.497930190986922722e-04
4.468905823689905141e-04
4.851114874400225740e-04
4.762912785774767307e-04
5.262724621319033206e-04
4.027895380562611892e-04
4.027895380562611892e-04
4.233700254022015083e-04
3.469282152601373343e-04
3.263477279141970152e-04
2.910668924640135336e-04
3.087073101891052744e-04
2.381456392887383654e-04
2.763665443597704253e-04
2.234452911844952571e-04
2.028648038385548837e-04
1.440634114215824505e-04
1.440634114215824505e-04
7.350174052121554152e-05
7.644181014206416047e-05
5.292125317527518854e-05
3.528083545018346128e-05
8.820208862545865321e-06
0.000000000000000000e+00
