1.571046069803821402e-05
5.162008515069698312e-05
8.752970960335575222e-05
1.009958187731027889e-04
1.458828493389262672e-04
1.705707161501291498e-04
2.446343165837378789e-04
2.558560742251937518e-04
2.423899650554467151e-04
3.635849475831700456e-04
3.142092139607642262e-04
4.152050327338670287e-04
3.950058689792465007e-04
4.219380873187405742e-04
4.870242816391845940e-04
4.758025239977287210e-04
5.049790938655140124e-04
5.857757488839962327e-04
5.386443667898815771e-04
7.316585982229224187e-04
6.239297248649461249e-04
7.383916528077960183e-04
7.451247073926695096e-04
7.922560894867841652e-04
7.428803558643783458e-04
8.169439562979870749e-04
8.304100654677340574e-04
9.628268056369132608e-04
9.381389388257103511e-04
9.987364300895720977e-04
1.039134757598813262e-03
1.128908818730460029e-03
1.261325558899639232e-03
1.061578272881724900e-03
1.274791668069386432e-03
1.315189995578627596e-03
1.335389159333247961e-03
1.461072844917553782e-03
1.443118032691224255e-03
1.631643561067682878e-03
1.658575779407177059e-03
1.470050251030718437e-03
1.606955694256479968e-03
1.793236871104647318e-03
1.918920556688953139e-03
1.799969925689520918e-03
1.997472860179144195e-03
1.939119720443573721e-03
2.141111357989779109e-03
2.206197552310223183e-03
2.376768268460352496e-03
2.459809275007125880e-03
2.488985844874910900e-03
2.668533967138204867e-03
2.733620161458648942e-03
2.946833556646310474e-03
3.027630211664792802e-03
3.097205109041818987e-03
3.198200927814921681e-03
3.442835244398659723e-03
3.640338178888283000e-03
3.853551574075944532e-03
3.990457017301706280e-03
4.053298860093858431e-03
4.176738194149873414e-03
4.594187578412031389e-03
4.800667919014819755e-03
5.146298054371660491e-03
5.009392611145898309e-03
5.265248685371092495e-03
5.631077984482553596e-03
5.952020253028190988e-03
6.212365030309967284e-03
6.620837008458961039e-03
6.993399362155295305e-03
7.677926578284103611e-03
8.007846252942905224e-03
8.461205261657722687e-03
8.822545857712601677e-03
9.475652152445333473e-03
1.006591660438591225e-02
1.085592834234440536e-02
1.184568736632081280e-02
1.262672169816613996e-02
1.398231002125400850e-02
1.538278537490770162e-02
1.694934274165494151e-02
1.955279051447270100e-02
2.300011446192794240e-02
3.423758256408184625e-02
3.427349218853450313e-02
2.300235881345623346e-02
1.964032022407605563e-02
1.735557036827564334e-02
1.577779124388694817e-02
1.437956024176154611e-02
1.318780958023893328e-02
1.258183466760031712e-02
1.165267313488777164e-02
1.100629989473991301e-02
1.046316682489344986e-02
1.027912999957357292e-02
1.007938271355565858e-02
9.603580189557930566e-03
9.394855497426850277e-03
9.224284781276721398e-03
9.069424525824631642e-03
8.869677239806717309e-03
8.930274731070577537e-03
8.981894816221275279e-03
9.143488126258239937e-03
8.997605276919312667e-03
9.854947560726540906e-03
1.004571744063129102e-02
1.061129402576066645e-02
1.132499781175726021e-02
1.290502128767424643e-02
1.449851087276097898e-02
1.758224987263305034e-02
2.682673381766439297e-02
2.687386519975850860e-02
1.720071011282355011e-02
1.411023805836660559e-02
1.208807733137625892e-02
1.062924883798699663e-02
9.870658021424580028e-03
8.990872222334439501e-03
8.144751696168668273e-03
7.675682226755812555e-03
7.089906477871815889e-03
6.629814414572125260e-03
6.263985115460664159e-03
6.214609381838258340e-03
5.489683838200209304e-03
5.211384248692104565e-03
4.935329010712290014e-03
4.744559130807539903e-03
4.358530667941458436e-03
4.212647818602532034e-03
4.113896351357720395e-03
3.898438604641767807e-03
3.570763281511256382e-03
3.294708043531442265e-03
3.162291303362263061e-03
3.182490467116883427e-03
3.014164102495045603e-03
2.836860331760043125e-03
2.628135639628963703e-03
2.621402585044090103e-03
2.556316390723646463e-03
2.475519735705164134e-03
2.327392534837946676e-03
2.118667842706867688e-03
1.975029344896232341e-03
1.900965744462623612e-03
1.869544823066547319e-03
1.826902144029014883e-03
1.698974106916418007e-03
1.631643561067682878e-03
1.501471172426794946e-03
1.431896275049768545e-03
1.395986650597109708e-03
1.236637692088436323e-03
1.104220951919257119e-03
1.101976600390966064e-03
1.054845218296851300e-03
9.785372663349515155e-04
8.820301506184310405e-04
8.146996047696959111e-04
6.957489737702636902e-04
6.441288886195667071e-04
4.870242816391845940e-04
4.735581724694375573e-04
4.331598449601964471e-04
4.376485480167787746e-04
3.119648624324730625e-04
1.840368253198762136e-04
1.571046069803821131e-04
1.122175764145586619e-04
2.917656986778525074e-05
2.244351528291173069e-06
