1.661013236030878763e-05
5.274839330638601213e-05
7.990820432797200354e-05
1.167198490183860639e-04
1.389415125815018849e-04
1.703660873172212176e-04
2.011172783086036806e-04
2.309706243075370562e-04
2.742916451932072576e-04
2.917996225459651666e-04
3.272644997477055823e-04
3.663207569192424560e-04
3.988676378955231480e-04
4.388217400595091633e-04
4.637369385999723414e-04
4.783269197272705807e-04
5.225457856053898967e-04
5.616020427769267704e-04
5.896596987909619170e-04
6.341030259171935319e-04
6.576714569689830247e-04
7.250098314026672897e-04
7.378041225450673000e-04
7.809006821826252297e-04
8.022245007532919497e-04
8.309555405116639390e-04
8.762967126303446413e-04
9.546336882215306335e-04
9.595718356800008852e-04
9.957100966260781436e-04
1.061028319826751772e-03
1.132182535478344848e-03
1.152384047808450128e-03
1.182461855055495694e-03
1.240148395820351917e-03
1.291550021638064420e-03
1.354848093605727629e-03
1.378640985905629258e-03
1.479648547556155656e-03
1.490198226217432894e-03
1.576391345492548753e-03
1.654279398587510256e-03
1.696927035728843696e-03
1.786262612477531415e-03
1.848213916956520939e-03
1.940467489930668490e-03
1.987379890786135014e-03
2.044841970302879210e-03
2.135748775788352642e-03
2.232491573724745739e-03
2.291749343226387892e-03
2.412509494710795080e-03
2.556389154750767379e-03
2.617891536733531980e-03
2.735284769496255063e-03
2.878042123295665704e-03
3.017657019621504486e-03
3.147171159782290520e-03
3.248178721432817134e-03
3.456254298432901405e-03
3.551425867632508355e-03
3.682511236530080535e-03
3.914379705830067085e-03
4.095071010560453161e-03
4.341304999739625109e-03
4.495509877192761967e-03
4.670589650720340623e-03
4.923557477342881648e-03
5.205929727468130638e-03
5.473038612721745251e-03
5.736556118005563080e-03
5.955854757411261323e-03
6.281099105925956431e-03
6.681762433806377917e-03
7.129787085038490416e-03
7.433034231238182070e-03
7.825168031690336520e-03
8.368813174618280892e-03
8.923007996207502068e-03
9.472713592834478349e-03
1.020041695921449290e-02
1.085561934245424069e-02
1.176154493983540619e-02
1.278306807999439812e-02
1.384319855482869961e-02
1.530399235754342432e-02
1.710574279614070214e-02
1.962262677122371055e-02
2.347999332003325446e-02
3.375336018488424294e-02
3.368287935297698682e-02
2.361332330141194952e-02
1.984619017434353927e-02
1.747026786307504659e-02
1.579511356841309389e-02
1.440569844259807601e-02
1.344837121939919736e-02
1.257499250299431298e-02
1.185200282282465600e-02
1.126593450400349000e-02
1.076695714944989057e-02
1.035955998412610088e-02
9.847339415933875975e-03
9.602901116739601117e-03
9.373052798672626071e-03
9.147020321823559619e-03
9.084620094848344304e-03
8.896297107682141908e-03
8.881707126554843831e-03
9.035687542759867144e-03
9.172384442860247178e-03
9.299205048043684974e-03
9.675402099879867879e-03
1.006012867914431695e-02
1.063946316052211474e-02
1.143315813384714053e-02
1.255254637818308504e-02
1.421445745920641227e-02
1.736701568894339839e-02
2.695173544458590378e-02
2.671492882782744785e-02
1.706129946901447161e-02
1.415317953847176034e-02
1.201698184018718321e-02
1.074967363334524556e-02
9.628265237776288676e-03
8.858812079247390531e-03
8.070055253380835000e-03
7.649863796914645186e-03
7.029228445884189158e-03
6.657745080258363826e-03
6.186825381718798894e-03
5.808159256153380863e-03
5.496382582525422174e-03
5.182361296416341905e-03
4.958124509552172543e-03
4.656673053337379714e-03
4.405051994203513024e-03
4.234012523141954774e-03
3.987105150218445658e-03
3.833349195261533289e-03
3.609561330893589284e-03
3.467252899590403132e-03
3.311027870904255637e-03
3.161536679661476352e-03
3.052448513078908059e-03
2.889714108197504166e-03
2.755486281826360559e-03
2.607341858072255176e-03
2.505211990181167338e-03
2.331927906638486207e-03
2.271098908400058340e-03
2.143380458224170265e-03
2.052473652738696398e-03
1.948997017358935092e-03
1.867068661797952533e-03
1.765163255154976940e-03
1.699171648209966360e-03
1.581778415447243494e-03
1.532172479614429383e-03
1.424655541768646803e-03
1.345196259936899371e-03
1.245311004526934414e-03
1.195705068694120302e-03
1.110858716907678128e-03
1.023094368895776339e-03
9.784265805214324794e-04
8.673182627058534421e-04
8.174878656249270860e-04
7.229896801696567617e-04
6.890960317047023845e-04
6.011072224446882420e-04
5.250148593346250225e-04
4.495958799688986457e-04
3.862978080012354366e-04
3.070629874176003028e-04
2.421936867131510823e-04
1.656524011068633191e-04
9.202911172603517125e-05
3.007780724704564064e-05
1.122306240561404558e-06
