1.511592805351749858e-05
4.423631886249973960e-05
7.402358885031363567e-05
1.044777380169591868e-04
1.358210594220469265e-04
1.720548281385668259e-04
1.945064271592325165e-04
2.298510236373102001e-04
2.540809671348603221e-04
2.858688746591691427e-04
3.012070957722972155e-04
3.403306742637542755e-04
3.650052038805254783e-04
4.010166795374348102e-04
4.356943968366808456e-04
4.745956822685273380e-04
4.897116103220448434e-04
5.315027055288284964e-04
5.539543045494941869e-04
5.975237442331622715e-04
6.273110142209761472e-04
6.646562482355488841e-04
6.986670863559632169e-04
7.144498935883123163e-04
7.624651944641914255e-04
8.244849580955353110e-04
8.727225520310249876e-04
8.769461201636254448e-04
9.091786138071554545e-04
9.560824493849818346e-04
1.021214315850873340e-03
1.067895858369089261e-03
1.114355107827694506e-03
1.139029637444465655e-03
1.191268506452945221e-03
1.244396547699867057e-03
1.299302933423673216e-03
1.329312496471097768e-03
1.407115067334790753e-03
1.448461576422353271e-03
1.509147581696033752e-03
1.589395376215442870e-03
1.665864188721472667e-03
1.704987767212929727e-03
1.750780137492703161e-03
1.813244487243268182e-03
1.929281464359975957e-03
1.995524796123920516e-03
2.086220364445025548e-03
2.162911470010665804e-03
2.199367531786796271e-03
2.371644652984973393e-03
2.434998174973980467e-03
2.505909660989746619e-03
2.587046627747597791e-03
2.839793836524794925e-03
2.878472828897030850e-03
3.005179872875044997e-03
3.169009857808021639e-03
3.271486958288485555e-03
3.453767267169137890e-03
3.609150115836913184e-03
3.748083278093508001e-03
3.951703720696773080e-03
4.190224173658894762e-03
4.283364965635715928e-03
4.484762477642875549e-03
4.652593737648842188e-03
4.981142879753237308e-03
5.245449327630182651e-03
5.527539220275972526e-03
5.849864156711272190e-03
6.073713267739097067e-03
6.369807623140351718e-03
6.811726225646128237e-03
7.183177928255359522e-03
7.701120757147944702e-03
8.132369292792413981e-03
8.568730568807926204e-03
9.221160698764895719e-03
9.833355784932353710e-03
1.054047000755351828e-02
1.142052823055169156e-02
1.238839221209603152e-02
1.355876517094558621e-02
1.485517829459432129e-02
1.677667950186792836e-02
1.928525667957300266e-02
2.299132656940011676e-02
3.311277415958774339e-02
3.308698816467291887e-02
2.318405465208246349e-02
1.956979179587450823e-02
1.715413311708664443e-02
1.538912622377886646e-02
1.416518063756317010e-02
1.313974275357969630e-02
1.234371130711431168e-02
1.158191299182895206e-02
1.107908609098988417e-02
1.056758976082600512e-02
1.008232401169617196e-02
9.868922674470042775e-03
9.516143588868097858e-03
9.356537172067721023e-03
9.210712924963199155e-03
9.043548544136064543e-03
9.063332626441404291e-03
9.072446641885436799e-03
9.094009068667660220e-03
9.262951793971678505e-03
9.512586899914328778e-03
9.643072925905722681e-03
1.028705591959748998e-02
1.088702488748636774e-02
1.192913475094063355e-02
1.305660514928535035e-02
1.478337763634011287e-02
1.795505501086346045e-02
2.777196110938463455e-02
2.749209414733495144e-02
1.785769065075403991e-02
1.457997948679645890e-02
1.262091075244866842e-02
1.111154087769302551e-02
1.013500746682387266e-02
9.350535259458236242e-03
8.592293633126645708e-03
7.879399790955607039e-03
7.327001537823386174e-03
6.893752364642421679e-03
6.501182821370187458e-03
6.164631129119813209e-03
5.757390243913282184e-03
5.453960217544879564e-03
5.125188782380874636e-03
4.859770869205875914e-03
4.667042786523527449e-03
4.352720400234207782e-03
4.215343289394887262e-03
4.027061067904749714e-03
3.847003689620203271e-03
3.641827195599664328e-03
3.481998485739678118e-03
3.326393344012291715e-03
3.169899030046463909e-03
2.986729548927369304e-03
2.897145445904317218e-03
2.759768335064996265e-03
2.612165743483590291e-03
2.523915398818201393e-03
2.373867583581078852e-03
2.312959285247787912e-03
2.165801279785602856e-03
2.052431819384221458e-03
1.961736251063116426e-03
1.843698636409913652e-03
1.759449566817514752e-03
1.672532980509789042e-03
1.600510029195970378e-03
1.507813823338370563e-03
1.423342460686360987e-03
1.345762182882278462e-03
1.261290820230268886e-03
1.163704167061236803e-03
1.101684403429892918e-03
9.876480638496801419e-04
9.429671588679592199e-04
8.407123514471055454e-04
7.842499143060255220e-04
6.935543459849204898e-04
6.086383972136898872e-04
5.495084433572831623e-04
4.717058724935901774e-04
4.067962990873091314e-04
3.103211112163298323e-04
2.487459337042070818e-04
1.698318975424613136e-04
9.447455033448436785e-05
3.156561446469830726e-05
8.891722384422058116e-07
