2.450098003920156910e-05
7.250290011600464513e-05
1.082543301732069281e-04
1.537561502460098436e-04
2.207588303532141282e-04
2.532601304052161913e-04
2.910116404656186190e-04
3.355134205368214689e-04
3.715148605944237751e-04
4.182667306692267658e-04
4.687687507500300091e-04
5.085203408136325679e-04
5.615224608984359074e-04
5.852734109364374172e-04
6.450258010320412874e-04
6.862774510980439039e-04
7.392795711828473518e-04
7.960318412736509981e-04
7.935317412696507935e-04
8.557842313692547598e-04
8.877855114204568580e-04
9.537881515260610227e-04
1.034791391655666198e-03
1.050542021680867183e-03
1.116544661786471456e-03
1.122044881795271776e-03
1.222798911956478199e-03
1.287801512060482434e-03
1.256050242009680400e-03
1.402306092243689765e-03
1.425307012280491300e-03
1.453308132325293028e-03
1.512810512420496726e-03
1.579563182527301190e-03
1.707818312732509213e-03
1.683067322692907665e-03
1.763570542821712821e-03
1.831073242929717260e-03
1.926827073082923274e-03
1.978829153166126575e-03
2.101834073362934558e-03
2.154586183447338051e-03
2.190337613504540239e-03
2.289341573662946432e-03
2.400096003840153456e-03
2.485849433977359302e-03
2.570102804112164331e-03
2.681357254290171483e-03
2.725359014360574476e-03
2.867114684587383344e-03
3.000370014800592209e-03
3.070122804912196572e-03
3.223628945157806271e-03
3.385135405416216711e-03
3.502390095603824093e-03
3.667646705868234623e-03
3.846403856154245997e-03
3.942907716308651986e-03
4.106164246569862439e-03
4.242169686787471139e-03
4.421676867074683139e-03
4.591683667346693580e-03
4.877445097803911889e-03
5.015450618024721099e-03
5.252710108404336567e-03
5.657976319052761965e-03
5.869234769390775999e-03
6.102244089763590382e-03
6.500260010400415664e-03
6.733269330773230914e-03
7.158786351454058013e-03
7.524800992039681197e-03
7.890315612624505121e-03
8.376335053402135522e-03
8.962108484339374043e-03
9.512880515220608832e-03
1.002865114604584162e-02
1.081443257730309131e-02
1.159121364854594216e-02
1.252625105004200219e-02
1.346503860154406144e-02
1.455033201328053208e-02
1.585388415536621506e-02
1.761820472818912894e-02
1.942677707108284371e-02
2.189337573502940157e-02
2.508825353014120657e-02
2.974668986759470418e-02
3.701098043921757091e-02
5.824257970318812844e-02
5.821882875315012584e-02
3.699347973918956645e-02
2.973293931757270414e-02
2.510225409016360668e-02
2.187237489499579968e-02
1.958853354134165378e-02
1.758745349813992456e-02
1.591038641545661908e-02
1.453183127325093082e-02
1.342828713148525900e-02
1.256925277011080450e-02
1.151471058842353651e-02
1.081093243729749215e-02
9.987399495979839767e-03
9.553882155286210626e-03
8.984859394375774647e-03
8.459338373534941100e-03
7.862064482579303112e-03
7.513300532021280863e-03
7.142785711428457397e-03
6.702518100724029135e-03
6.521760870434817683e-03
6.140495619824793208e-03
5.835733429337173518e-03
5.578723148925957345e-03
5.293961758470338425e-03
5.046201848073922878e-03
4.917446697867914294e-03
4.695187807512300922e-03
4.394425777031081386e-03
4.317422696907876473e-03
4.104914196567862987e-03
3.940407616304652215e-03
3.846153846153846367e-03
3.604144165766630555e-03
3.505890235609424553e-03
3.330133205328213077e-03
3.245879835193407614e-03
3.137375495019800731e-03
2.996869874794991749e-03
2.833363334533381232e-03
2.835613424536981373e-03
2.647105884235369244e-03
2.567352694107764496e-03
2.478349133965358688e-03
2.419846793871755029e-03
2.304092163686547595e-03
2.229089163566542759e-03
2.104084163366534699e-03
2.084583383335333624e-03
1.976079043161726306e-03
1.944327773110924489e-03
1.873074922996919960e-03
1.769570782831313268e-03
1.760070402816112578e-03
1.663816552662106436e-03
1.586313452538101612e-03
1.517560702428097071e-03
1.446807872314892669e-03
1.406806272250890047e-03
1.367554702188087615e-03
1.289801592063682511e-03
1.221048841953678186e-03
1.216298651946077841e-03
1.129795191807672237e-03
1.104794191767670625e-03
1.036291451658066364e-03
1.004540181607264330e-03
9.590383615344613873e-04
9.255370214808592315e-04
8.520340813632545614e-04
8.477839113564542353e-04
7.975319012760510558e-04
7.037781511260450106e-04
6.970278811152445884e-04
6.380255210208408013e-04
5.922736909476379033e-04
5.647725909036361951e-04
5.247709908396335724e-04
4.730189207568302810e-04
4.205168206728269065e-04
3.770150806032241493e-04
3.192627705108204103e-04
2.922616904676187213e-04
2.705108204328172884e-04
2.030081203248129847e-04
1.582563302532101251e-04
1.137545501820072752e-04
6.700268010720428452e-05
2.150086003440137579e-05
0.000000000000000000e+00
