3.248221598674725735e-05
7.745759196839730235e-05
1.149370719531056788e-04
1.049425439571834406e-04
1.873973999235418553e-04
2.473645678990752305e-04
2.473645678990752305e-04
3.573043758542198377e-04
3.797920638450448636e-04
3.822906958440253859e-04
4.897318718001894165e-04
5.197154557879561177e-04
6.046689437532950682e-04
5.871785197604311411e-04
6.146634717492172658e-04
6.721320077257700917e-04
7.395950716982452235e-04
7.146087517084396754e-04
7.845704476798952753e-04
9.045047836309620800e-04
9.719678476034371035e-04
9.070034156299426565e-04
9.969541675932426517e-04
1.081907655558581602e-03
9.769651116013982565e-04
1.199343359510667830e-03
1.176855671519842859e-03
1.311781799464793122e-03
1.214335151504551289e-03
1.294291375471929087e-03
1.546653207368965579e-03
1.504176463386295995e-03
1.561644999362848821e-03
1.629108063335323953e-03
1.604121743345518405e-03
1.679080703314935049e-03
1.816505463258865673e-03
1.816505463258865673e-03
1.996406967185465880e-03
1.828998623253768555e-03
2.106346775140610379e-03
2.201294791101871852e-03
2.253766063080463525e-03
2.338719551045802258e-03
2.476144310989733099e-03
2.406182615018277390e-03
2.438664831005024885e-03
2.596078646940799903e-03
2.813459630852108324e-03
2.845941846838855819e-03
3.005854294773611414e-03
2.975870710785844930e-03
3.380649094620695287e-03
3.420627206604384078e-03
3.518073854564625694e-03
3.700473990490206477e-03
3.652999982509575957e-03
3.965328982382145852e-03
4.010304358363796229e-03
4.285153878251657042e-03
4.317636094238404103e-03
4.839850182025341556e-03
4.874831030011068760e-03
5.147181917899949430e-03
5.249625829858152633e-03
5.654404213693003424e-03
5.876782461602272564e-03
6.189111461474842459e-03
6.493944565350470190e-03
6.781287245233235186e-03
7.013660021138426633e-03
7.398449348981432812e-03
7.923162068767350408e-03
8.470362476544092759e-03
8.950099820348359977e-03
9.629727724071071582e-03
9.939558091944659599e-03
1.065416684365310014e-02
1.181852935517803925e-02
1.212835972305162900e-02
1.377495821037981634e-02
1.469195615400568228e-02
1.580384739355203058e-02
1.749042399286390714e-02
1.938688568009015040e-02
2.184803819908600134e-02
2.532363530966795506e-02
2.973372078786864353e-02
3.658996699307129341e-02
5.772839370444681623e-02
5.788580752038258864e-02
3.667741911303561142e-02
2.973122215586966252e-02
2.528365719768426931e-02
2.199046022302789116e-02
1.957178444801471046e-02
1.754039663284351694e-02
1.591628583350615522e-02
1.456202729005869230e-02
1.385741306634617580e-02
1.235073797096089901e-02
1.175356492320454513e-02
1.071163537962965297e-02
9.889585451965049803e-03
9.694692156044565703e-03
9.125004060276997730e-03
8.537825540516567890e-03
8.170526636666425313e-03
7.415939772974296414e-03
7.091117613106824071e-03
6.681341965274012126e-03
6.556410365324984169e-03
6.144136085493192082e-03
5.769341285646109076e-03
5.629417893703197659e-03
5.239631301862230327e-03
5.237132669863250184e-03
5.077220221928494155e-03
4.604978774121168232e-03
4.382600526211899092e-03
4.357614206222093327e-03
4.130238694314863034e-03
3.812912430444331553e-03
3.772934318460642762e-03
3.782928846456565068e-03
3.495586166573800939e-03
3.278205182662492084e-03
3.235728438679822717e-03
3.098303678735892311e-03
2.938391230801136282e-03
2.736002038883711320e-03
2.668538974911236188e-03
2.716012982891866708e-03
2.543607374962208231e-03
2.501130630979538864e-03
2.406182615018277390e-03
2.168812575115124357e-03
2.191300263105949546e-03
2.246270167083521795e-03
1.991409703187504727e-03
1.953930223202796513e-03
1.896461687226243687e-03
1.888965791229301958e-03
1.841491783248671438e-03
1.769031455278235153e-03
1.664088911321051807e-03
1.606620375344498981e-03
1.571639527358771127e-03
1.566642263360809974e-03
1.461699719403626412e-03
1.366751703442365372e-03
1.431716135415859710e-03
1.309283167465812546e-03
1.189348831514745741e-03
1.221831047501493019e-03
1.111891239546348303e-03
1.144373455533095581e-03
1.001951431591203805e-03
9.344883676187287812e-04
9.219952076238260071e-04
8.595294076493120283e-04
8.195512956656230211e-04
7.770745516829535458e-04
7.620827596890701952e-04
6.196607357471784188e-04
7.770745516829535458e-04
5.546963037736838634e-04
5.621921997706255929e-04
4.872332398012088400e-04
5.297099837838783153e-04
4.272660718256754376e-04
3.797920638450448636e-04
3.598030078532003600e-04
2.998358398776669576e-04
2.123837199133474306e-04
1.948932959204835306e-04
1.574138159357751541e-04
9.994527995922232824e-05
7.745759196839730235e-05
4.497537598165004500e-05
0.000000000000000000e+00
