1.914380400148045318e-05
4.254178666995656413e-05
7.232103733892615495e-05
9.359193067390444380e-05
1.127357346753848970e-04
1.063544666748914171e-04
1.701671466798262565e-04
1.935651293483023675e-04
2.084547546827871629e-04
2.424881840187524250e-04
2.552507200197394119e-04
3.275717573586655533e-04
3.211904893581720463e-04
3.254446680251677176e-04
3.828760800296090636e-04
3.382072040261546774e-04
4.317991347000591212e-04
4.785951000370113431e-04
5.275181547074614006e-04
4.892305467045004672e-04
5.338994227079549076e-04
5.509161373759374845e-04
6.402538893828462569e-04
6.530164253838332709e-04
6.381268000493484213e-04
6.849227653863006974e-04
7.232103733892616309e-04
7.338458200567507007e-04
7.827688747272008125e-04
7.934043213946898824e-04
8.806149840681009276e-04
8.614711800666204067e-04
9.486818427400313435e-04
9.869694507429922770e-04
1.057163398748420637e-03
1.063544666748914144e-03
1.046527952080931459e-03
1.165644954756809822e-03
1.144374061421831682e-03
1.218822188094255497e-03
1.282634868099190350e-03
1.282634868099190350e-03
1.401751870775068713e-03
1.431531121444038412e-03
1.459183282779510276e-03
1.618714982791847300e-03
1.599571178790366779e-03
1.776119593470686488e-03
1.782500861471179995e-03
1.939905472150019400e-03
1.822915558807638873e-03
2.086674636161369410e-03
2.167504030834287165e-03
2.163249852167291494e-03
2.105818440162849931e-03
2.333416998847117479e-03
2.446152733522502336e-03
2.682259649540761227e-03
2.618446969535826591e-03
2.854553885554085482e-03
2.888587314890050852e-03
3.020466853566916229e-03
3.199142357580733557e-03
3.182125642912750872e-03
3.456520166933970805e-03
3.724533422954697231e-03
3.792600281626627538e-03
3.998927946975917164e-03
4.252051577662158306e-03
4.392439473673015460e-03
4.677469444361724571e-03
5.009295380387385199e-03
5.449602872421435880e-03
5.655930537770725505e-03
5.992010652463381805e-03
6.300438605820567542e-03
6.610993648511249814e-03
6.942819584536911309e-03
7.602217277921237762e-03
8.212691916635114428e-03
8.665761944670152123e-03
9.327286727387976845e-03
1.024193514079204358e-02
1.097790805018229211e-02
1.242220170762731689e-02
1.334323138903187669e-02
1.515976567983902228e-02
1.712519622399101549e-02
2.094119448828611965e-02
3.059605297303276059e-02
3.057265499036428483e-02
2.120282647630635300e-02
1.750807230402062417e-02
1.570217345988096647e-02
1.398135818908122566e-02
1.315817461701756542e-02
1.191382735692133633e-02
1.127995473553898391e-02
1.070989479416156569e-02
1.035467087546742757e-02
9.939888455435351780e-03
9.442149551396859103e-03
9.648477216746149596e-03
9.250711511382054761e-03
9.020985863364290244e-03
8.923139754023388936e-03
9.148611223374158649e-03
9.127340330039181160e-03
9.318778370053985502e-03
9.235821886047570345e-03
9.408116122060893732e-03
1.005475127944423404e-02
1.022704551545755743e-02
1.108851669552417783e-02
1.149479075822226401e-02
1.309861611567962603e-02
1.458332447046111098e-02
1.674444723329490334e-02
2.017544232822690228e-02
3.079812645971505627e-02
3.105337717973479308e-02
2.006057950421801656e-02
1.671466798262593451e-02
1.439188643044630664e-02
1.298162620233724550e-02
1.183512505158191598e-02
1.074605531283102759e-02
1.003348038610925655e-02
9.386845228725916243e-03
8.776370590012039577e-03
8.089320735292240827e-03
7.965949553949367226e-03
7.102351284549248550e-03
6.940692495203413907e-03
6.530164253838332926e-03
6.017535724465355833e-03
5.772920451113106033e-03
5.521923909760362292e-03
5.298579529743089982e-03
4.981643219051913769e-03
4.994405755052900783e-03
4.505175208348400316e-03
4.505175208348400316e-03
4.266941202996643590e-03
4.132934574986280377e-03
3.984038321641431880e-03
3.679864546951242682e-03
3.596908062944827525e-03
3.331021896257598935e-03
3.250192501584681613e-03
3.137456766909296757e-03
2.858808064221081153e-03
2.946018726894491981e-03
2.743945240212198461e-03
2.441898554855506664e-03
2.341925356181108822e-03
2.344052445514606658e-03
2.263223050841689336e-03
2.118580976163836945e-03
1.976065990819482390e-03
1.812280112140149694e-03
1.674019305462790810e-03
1.567664838787899461e-03
1.599571178790366779e-03
1.518741784117449457e-03
1.395370602774575423e-03
1.263491064097710045e-03
1.157136597422818479e-03
1.135865704087840340e-03
9.912236294099879483e-04
9.486818427400313435e-04
8.593440907331225710e-04
7.678792493927159629e-04
6.466351573833397639e-04
4.871034573710026857e-04
4.190365986990721614e-04
3.488426506936438557e-04
2.212172906837741497e-04
1.467691640113501456e-04
4.254178666995656413e-05
0.000000000000000000e+00
