1.780951829705386039e-05
5.120236510402984947e-05
8.682140169813756347e-05
1.090832995694548940e-04
1.424761463764308831e-04
1.869999421190655443e-04
2.493332561587540590e-04
2.359761174359636417e-04
2.827261029657300345e-04
2.916308621142569613e-04
3.361546578568915954e-04
3.250237089212329369e-04
3.584165557282089666e-04
4.385593880649513079e-04
4.096189208322387957e-04
4.674998552976638200e-04
5.743569650799869959e-04
5.320593591244840393e-04
5.966188629513043129e-04
5.921664833770408495e-04
6.745355055009149767e-04
5.921664833770408495e-04
7.368688195406034643e-04
7.324164399663400009e-04
8.348211701743996592e-04
8.036545131545554154e-04
8.058807029416872013e-04
8.214640314516092690e-04
9.461306595309863527e-04
1.010690163357806518e-03
9.862020756993574149e-04
1.032952061229123943e-03
1.204368674838267230e-03
1.182106776966950022e-03
1.226630572709584656e-03
1.215499623773926051e-03
1.291190076536404821e-03
1.342392441640434704e-03
1.371332908873147162e-03
1.498225726739656032e-03
1.493773347165392460e-03
1.540523332695158988e-03
1.776499450131122657e-03
1.731975654388488023e-03
1.769820880769727408e-03
1.838832764170811145e-03
1.803213727576703437e-03
2.056999363309720743e-03
2.068130312245379347e-03
2.221737407557469214e-03
2.386475451805217252e-03
2.284070721597157485e-03
2.513368269671726121e-03
2.573475393924282931e-03
2.653618226261025056e-03
2.611320620305522099e-03
2.978641935182258210e-03
2.983094314756521565e-03
3.176772826236982494e-03
3.299213264529227575e-03
3.410522753885814485e-03
3.666534579405963685e-03
3.835725003227975077e-03
4.036082084069830822e-03
4.107320157258046237e-03
4.258701062783004643e-03
4.530296216813075802e-03
4.728427107867800086e-03
4.933236568283919619e-03
5.271617415927942404e-03
5.476426876344061938e-03
5.872688658453510506e-03
6.248914732478773326e-03
6.460402762256288109e-03
6.789878850751784184e-03
7.132712077970070758e-03
7.651414298371764407e-03
8.230223643026014432e-03
8.731116345130655529e-03
9.087306711071732601e-03
9.890961224226287041e-03
1.050538960547464651e-02
1.153166309734237477e-02
1.228634143518003187e-02
1.352855533639953957e-02
1.502010249377780035e-02
1.654059011838877186e-02
1.903392267997631310e-02
2.263144537598119413e-02
3.328153731761940293e-02
3.336613252953040537e-02
2.294756432575389971e-02
1.928102974634793645e-02
1.701476854304783196e-02
1.548314996950119968e-02
1.441012649210370554e-02
1.318794829896838446e-02
1.231305571262561287e-02
1.161403211946624922e-02
1.116879416203990158e-02
1.060334195610844292e-02
1.017368732719201724e-02
9.752937457424120868e-03
9.394520901695910600e-03
9.276532842977929308e-03
9.338866157017618880e-03
9.093985280433126983e-03
8.918116287249720775e-03
9.100663849794523100e-03
9.385616142547384758e-03
9.220878098299635853e-03
9.452401836161337251e-03
1.002453261145419203e-02
1.028499681654860415e-02
1.099737754843075829e-02
1.175650826584268005e-02
1.300094835684931747e-02
1.474850733974772746e-02
1.805439917363835245e-02
2.778730092297828497e-02
2.747118197320557939e-02
1.765813739152890388e-02
1.490879300442121344e-02
1.259132943601708014e-02
1.106416324204471079e-02
1.019594922506333531e-02
9.467985164671259210e-03
8.475104519610506329e-03
7.974211817505865232e-03
7.299676312004951123e-03
6.796557420113179433e-03
6.607331288206981859e-03
6.035200512914127083e-03
5.761379169096923596e-03
5.342855489116157819e-03
4.859772305308571877e-03
4.948819896793841579e-03
4.605986669575555005e-03
4.303224858525639060e-03
4.169653471297734941e-03
4.080605879812466107e-03
3.719963134297125246e-03
3.904736886629059031e-03
3.477308447499766111e-03
3.065463336880395583e-03
3.118891891771557144e-03
2.896272913058384191e-03
2.963058606672335817e-03
2.700368211790791801e-03
2.606868240731258744e-03
2.560118255201492433e-03
2.272939772661498881e-03
2.166082662879175759e-03
2.128237436497936157e-03
2.001344618631427721e-03
1.896713698636236060e-03
1.923427976081816841e-03
1.634023303754691611e-03
1.580594748863530050e-03
1.625118544606164684e-03
1.516035245036709885e-03
1.384690047595937661e-03
1.244440091006638509e-03
1.277832937813614539e-03
1.168749638244159523e-03
1.164297258669896168e-03
1.032952061229123943e-03
8.726663965556391523e-04
8.548568782585852987e-04
7.413211991148669277e-04
7.435473889019987136e-04
6.567259872038611231e-04
5.587736365700648198e-04
4.452379574263465030e-04
3.806784535995262836e-04
3.317022782826281320e-04
2.582380153072809858e-04
1.714166136091433952e-04
9.795235063379623553e-05
2.003570808418559209e-05
0.000000000000000000e+00
