2.425559697900290412e-05
7.376702174026656973e-05
1.162768308787252608e-04
1.732899866644228262e-04
2.067977185735608619e-04
2.568092587364534190e-04
2.890667021415191753e-04
3.323266843824212611e-04
3.748364935208799522e-04
4.336000532122787359e-04
4.773601508548097334e-04
5.251211717103721876e-04
5.563783843121800120e-04
6.261444828394151793e-04
6.714049266868329664e-04
7.131645627228483169e-04
7.321689479847475054e-04
7.969338924956933384e-04
8.744517797481768818e-04
9.002077229320666228e-04
9.214626275012958870e-04
9.557205325128773988e-04
1.011733457495317141e-03
1.068496555580200061e-03
1.113506941726803527e-03
1.192275117483359214e-03
1.220281579974579140e-03
1.271043293239915118e-03
1.363314584840451911e-03
1.386820008717011467e-03
1.418577336720448258e-03
1.543106071726050698e-03
1.522601340259264720e-03
1.610121535544326932e-03
1.703643115648936085e-03
1.759656040631375718e-03
1.803916253675535682e-03
1.863429986469377752e-03
1.946699200840594024e-03
2.014964953162942402e-03
2.073728512854340969e-03
2.213260709908811304e-03
2.288027962452335914e-03
2.361544926491787946e-03
2.407805601142463774e-03
2.534084740053767215e-03
2.657363186555297511e-03
2.699622937992942045e-03
2.853908539395465412e-03
2.888166444407046923e-03
3.035950545588394708e-03
3.193736954802320512e-03
3.251500283690461363e-03
3.413537673818233757e-03
3.496806888189449812e-03
3.645341162473240883e-03
3.783873128724453069e-03
4.020177655994120781e-03
4.178714238310490305e-03
4.382011149072648215e-03
4.439774477960789500e-03
4.713337602651811870e-03
4.929887571557136673e-03
5.123432231987531428e-03
5.363237567068601143e-03
5.692813616742063362e-03
5.920116066782409904e-03
6.147668574523571308e-03
6.470493066275042650e-03
6.836327482566601811e-03
7.152400416396083142e-03
7.561744872629358981e-03
7.970089098059377972e-03
8.447199191213372246e-03
9.002327287021480440e-03
9.435427224832130047e-03
1.022685984790990509e-02
1.087625969692506550e-02
1.160592806790166839e-02
1.255239646548441008e-02
1.340009207124544070e-02
1.450434687804210906e-02
1.603520012242825102e-02
1.743002197757132291e-02
1.935696662004757554e-02
2.183553855052053350e-02
2.503127596692936857e-02
2.918723495446574195e-02
3.636839200645548831e-02
5.737698974038259181e-02
5.741149770309499079e-02
3.636164044853349570e-02
2.927375491894754558e-02
2.502752510141715084e-02
2.184679114705718322e-02
1.948349581665969471e-02
1.748903559496353677e-02
1.591217173362753298e-02
1.439907258599921851e-02
1.335833243520942459e-02
1.251363752185816886e-02
1.159117466355361580e-02
1.083174942618009111e-02
1.015034219146068034e-02
9.464934033528236978e-03
8.986323594169355264e-03
8.423693767336813340e-03
8.015349541906795217e-03
7.514483967175425438e-03
7.173405263264498628e-03
6.863583771955378450e-03
6.498999644167891866e-03
6.150419209232530458e-03
5.908613412544944446e-03
5.607543940764331443e-03
5.382492010031314326e-03
5.098176404205270219e-03
4.901631051365102319e-03
4.714087775754255590e-03
4.482284287099248463e-03
4.309744473537268326e-03
4.174213199695829719e-03
3.995672001314303293e-03
3.783373013322824212e-03
3.621585680895866681e-03
3.496806888189449812e-03
3.427540905063843502e-03
3.302261996955797342e-03
3.170231530925761172e-03
3.024197833650114822e-03
2.874413270862251606e-03
2.823401499896101199e-03
2.710125361427149354e-03
2.617103896724169276e-03
2.527833297533405629e-03
2.404554851031875766e-03
2.339289791119300750e-03
2.249769134227723108e-03
2.177252400991528791e-03
2.083480763186104992e-03
2.039470607842759891e-03
1.904689507103764137e-03
1.864680274973450113e-03
1.822920638937434870e-03
1.721147154705948484e-03
1.708894327366039740e-03
1.617373208867946234e-03
1.575613572831930992e-03
1.492094300759900290e-03
1.403323816970765935e-03
1.367065450352668776e-03
1.314303275480817150e-03
1.262791389113037885e-03
1.212529791249330764e-03
1.175271193827975890e-03
1.128010288374042347e-03
1.081999671424181166e-03
1.013233803700203930e-03
9.997306878562228251e-04
9.414672435664530074e-04
8.802031068669095024e-04
8.391936439333376550e-04
7.756789879264640742e-04
7.486727562385020809e-04
7.284180824725305318e-04
6.706547535843895716e-04
6.161421748068367276e-04
5.743825387708213770e-04
5.273716910177023718e-04
4.803608432645833123e-04
4.381010918269390500e-04
3.903400709713766500e-04
3.510810119435059666e-04
3.165730492311100803e-04
2.635608166584439173e-04
2.037970261637872830e-04
1.612872170253285920e-04
1.172770616819831114e-04
7.801800265411244154e-05
2.450565467981736677e-05
0.000000000000000000e+00
