1.750026250393755791e-05
7.250108751631274861e-05
1.425021375320629938e-04
1.800027000405005995e-04
2.175032625489382323e-04
2.700040500607509128e-04
3.075046125691885185e-04
3.250048750731260967e-04
3.500052500787511852e-04
4.525067876018140428e-04
4.500067501012515393e-04
5.500082501237518393e-04
6.275094126411896083e-04
5.850087751316269957e-04
6.750101251518772277e-04
6.825102376535647922e-04
7.450111751676275406e-04
7.525112876693149967e-04
8.300124501867527657e-04
9.575143627154407118e-04
9.325139877098156775e-04
9.925148877233157599e-04
1.007515112726690889e-03
1.050015750236253610e-03
1.142517137757066399e-03
1.132516987754816386e-03
1.210018150272254046e-03
1.217518262773941611e-03
1.377520662809942047e-03
1.240018600279004088e-03
1.515022725340880007e-03
1.405021075316129639e-03
1.675025125376880661e-03
1.515022725340880007e-03
1.752526287894318321e-03
1.805027075406131056e-03
1.710025650384755817e-03
1.870028050420756253e-03
1.930028950434256553e-03
2.035030525457881805e-03
2.075031125466881860e-03
2.202533037995569806e-03
2.257533863007944990e-03
2.292534388015820147e-03
2.482537238058571058e-03
2.490037350560258406e-03
2.715040725610884040e-03
2.730040950614259169e-03
2.775041625624384556e-03
2.930043950659259877e-03
3.205048075721135797e-03
3.157547363210447960e-03
3.255048825732386082e-03
3.432551488272323880e-03
3.445051675775136560e-03
3.580053700805512287e-03
3.865057975869638004e-03
4.002560038400575747e-03
4.147562213433201271e-03
4.315064725970889706e-03
4.645069676045140809e-03
4.745071176067641380e-03
4.872573088596328893e-03
5.137577063655954582e-03
5.542583138747080897e-03
5.562583438751581358e-03
6.007590113851707728e-03
6.237593563903458260e-03
6.602599038985584520e-03
6.875103126546898424e-03
7.177607664114961719e-03
7.467612014180212768e-03
8.077621164317464256e-03
8.517627764416465727e-03
8.940134102011530054e-03
9.540143102146531745e-03
1.009765146477197180e-02
1.067266008990134900e-02
1.145017175257628805e-02
1.244018660279904223e-02
1.315019725295879516e-02
1.438521577823667283e-02
1.541523122846842619e-02
1.766526497897468601e-02
1.951779276689150425e-02
2.144032160482407107e-02
2.451036765551483157e-02
2.950544258163872308e-02
3.693805407081106329e-02
5.762336435046525734e-02
5.755336330044950877e-02
3.707055605834087830e-02
2.938544078161172551e-02
2.456536848052720892e-02
2.139782096731451116e-02
1.952029280439206496e-02
1.775526632899493418e-02
1.557523362850442815e-02
1.441521622824342395e-02
1.318019770296554455e-02
1.227768416526247956e-02
1.163517452761791450e-02
1.074266113991709931e-02
1.028265423981359651e-02
9.310139652094781212e-03
9.245138677080155798e-03
8.380125701885527550e-03
8.117621764326465178e-03
7.392610889163337556e-03
7.262608939134086727e-03
6.770101551523272955e-03
6.582598738981084927e-03
6.232593488902333362e-03
5.927588913833707618e-03
5.500082501237518393e-03
5.592583888758331616e-03
5.147577213658205246e-03
4.907573613604204049e-03
4.725070876063140919e-03
4.465066976004640129e-03
4.225063375950638932e-03
4.270064050960764752e-03
4.047560713410701567e-03
3.760056400846012534e-03
3.630054450816762139e-03
3.365050475757136450e-03
3.342550138252073973e-03
3.232548488227323605e-03
3.172547588213823089e-03
3.162547438211573293e-03
2.862542938144072013e-03
2.857542863142947115e-03
2.782541738126071904e-03
2.600039000585008774e-03
2.515037725565883332e-03
2.515037725565883332e-03
2.447536713050695902e-03
2.155032325484882404e-03
2.200033000495007357e-03
2.152532287984319954e-03
2.102531537973069669e-03
2.002530037950569098e-03
1.852527787916818675e-03
1.745026175392630973e-03
1.772526587898818565e-03
1.667525012875193096e-03
1.650024750371255518e-03
1.600024000360005449e-03
1.467522012830192388e-03
1.437521562823442347e-03
1.415021225318379870e-03
1.380020700310504713e-03
1.287519312789691924e-03
1.195017925268879134e-03
1.250018750281254318e-03
1.052515787736816059e-03
1.047515712735690944e-03
1.020015300229503352e-03
9.225138377075656638e-04
9.575143627154407118e-04
8.975134627019405210e-04
7.875118126771901532e-04
7.925118876783151601e-04
7.025105376580648197e-04
7.275109126636899624e-04
6.975104626569398128e-04
5.550083251248768461e-04
5.375080626209392679e-04
5.275079126186892542e-04
4.650069751046265599e-04
4.675070126051890634e-04
4.625069376040640565e-04
2.950044250663760013e-04
3.475052125781886818e-04
2.625039375590634025e-04
2.225033375500632391e-04
1.350020250303754564e-04
1.375020625309379598e-04
8.750131251968779630e-05
3.250048750731261238e-05
0.000000000000000000e+00
