1.436947420746736689e-05
4.692531420876062221e-05
8.352256883090406912e-05
1.185481622116057782e-04
1.425721269022152881e-04
1.697394140757082603e-04
2.018462080080181637e-04
2.431584463544868378e-04
2.638145655277211884e-04
3.066984651156316071e-04
3.311714758752244843e-04
3.644008849799927380e-04
3.944869716018775565e-04
4.362482560173295979e-04
4.436575161555549539e-04
4.699267111910812459e-04
5.318950687107842435e-04
5.523266648495268969e-04
6.077838543689712729e-04
6.264192662317805659e-04
6.565053528536652760e-04
6.897347619584336380e-04
7.288017699599854760e-04
7.546219189265284278e-04
7.959341572729971290e-04
8.379199647229408675e-04
8.924790621044184549e-04
9.324441622439370815e-04
9.932899045911817559e-04
1.029438113144341910e-03
1.055033739076393111e-03
1.104653329699053794e-03
1.117226619630587751e-03
1.191543744047333063e-03
1.222527922807184562e-03
1.322216150121489431e-03
1.338606331639381969e-03
1.389573060468992727e-03
1.458277109023446098e-03
1.515305959784332083e-03
1.604890650546511501e-03
1.657204517583072334e-03
1.704578877860816371e-03
1.758688929173310780e-03
1.838394606417856174e-03
1.880604936902291555e-03
2.013747096355856647e-03
2.059774318426650392e-03
2.156992792361546538e-03
2.216491396501841463e-03
2.310791070988345818e-03
2.396334347129675229e-03
2.479183346857104057e-03
2.581341327550817216e-03
2.752876925902459325e-03
2.877262687010848606e-03
2.995361803153471017e-03
3.140403683435094486e-03
3.253563292818900318e-03
3.419261292273758409e-03
3.586530952970058000e-03
3.700588654491830404e-03
3.891433233809756410e-03
4.071949753541064670e-03
4.228442308581764099e-03
4.436126115486565928e-03
4.706451849014545684e-03
4.961734539231583627e-03
5.153252687652984561e-03
5.419761529594605519e-03
5.744421837469571544e-03
5.979497454582358151e-03
6.277439521352814328e-03
6.645432774884673516e-03
7.054064697659527018e-03
7.462472097399888878e-03
7.906129613555443886e-03
8.344174053848706085e-03
8.948141016631319319e-03
9.407739668235782712e-03
1.019065148950826227e-02
1.090575735436425699e-02
1.175041301012194790e-02
1.272416941071235347e-02
1.391054912496637701e-02
1.533200445633318802e-02
1.717982903019969407e-02
1.962645653705550469e-02
2.337082718327321285e-02
3.374783279140956826e-02
3.384303055803403876e-02
2.365664500618111857e-02
1.993742093982647789e-02
1.757072363324970604e-02
1.574692302407380839e-02
1.452349700912865769e-02
1.346981040825921509e-02
1.256228830284385374e-02
1.186514428074719393e-02
1.127397513093060695e-02
1.061455097862855010e-02
1.041405190882748258e-02
9.970618915706419214e-03
9.605993507691933803e-03
9.364406722578889550e-03
9.249001882850167722e-03
9.079262468774459624e-03
8.892908350146366478e-03
8.978676149322187966e-03
9.055463027118342001e-03
9.068260840084366517e-03
9.401902069338999995e-03
9.571416960380215583e-03
1.000003143322482878e-02
1.059973245835209993e-02
1.139903446114247203e-02
1.264311659526085735e-02
1.421163451421971792e-02
1.733789324648183500e-02
2.685250587913565884e-02
2.663786185816161348e-02
1.711337021199015734e-02
1.387484996248220144e-02
1.206407168930682082e-02
1.074769313808211606e-02
9.693108445074705148e-03
8.851596111799897235e-03
8.122794341839913168e-03
7.577427891059627420e-03
7.008037475588733273e-03
6.611080750607446939e-03
6.241291312799653740e-03
5.815371116368941995e-03
5.530002339530019559e-03
5.182889728205885768e-03
4.940629373989365719e-03
4.654811551081459997e-03
4.405815505830189792e-03
4.227993262512780813e-03
4.029514900022138080e-03
3.813074694772160874e-03
3.653438817248578011e-03
3.451368086206068123e-03
3.326533279028695556e-03
3.173184046470879562e-03
3.005914385774579971e-03
2.873221272389998165e-03
2.795985348524861278e-03
2.644881346311962148e-03
2.465038395684128383e-03
2.415418805061467483e-03
2.301361103539695512e-03
2.176750819396814588e-03
2.125110521463728468e-03
1.934714988214785965e-03
1.797980460209354153e-03
1.777773387105103251e-03
1.706375062136749731e-03
1.596807821304811054e-03
1.514632390680857154e-03
1.431558867918936466e-03
1.361732204192024663e-03
1.264064684188145014e-03
1.200749188461491725e-03
1.119696373009996257e-03
1.015068638936874375e-03
9.596114494174301079e-04
8.722719890001674444e-04
8.253466747914069103e-04
7.326186615463440568e-04
6.437075398876396758e-04
5.819637054024283211e-04
5.404269440214679769e-04
4.461272695349634059e-04
3.805665434633935247e-04
2.988401589084229109e-04
2.514657986306789283e-04
1.836598422141922922e-04
8.576779917582085108e-05
2.649371807001795861e-05
8.980921379667104309e-07
