8.987633016968650415e-06
3.819744032211676765e-05
8.762942191544435171e-05
9.212323842392867014e-05
1.482959447799827386e-04
1.640243025596778870e-04
2.089624676445211255e-04
2.157031924072476371e-04
2.988387978142076568e-04
3.078264308311763208e-04
3.617522289329881961e-04
4.044434857635892822e-04
3.729867702041990397e-04
3.887151279838941880e-04
3.954558527466206725e-04
4.988136324417601726e-04
5.100481737129709077e-04
5.527394305435720480e-04
6.178997699165947668e-04
6.403688524590163455e-04
6.426157607132585792e-04
6.403688524590163455e-04
7.729364394593040170e-04
8.291091458153580177e-04
8.762942191544435171e-04
8.291091458153580177e-04
8.201215127983894080e-04
9.998741731377623621e-04
9.796519988495829088e-04
1.071775237273511674e-03
1.042565429968363502e-03
1.033577796951394784e-03
1.202095916019557112e-03
1.242540264595916018e-03
1.215577365545010080e-03
1.309947512223180862e-03
1.316688236985907347e-03
1.433527466206499816e-03
1.572835777969513972e-03
1.561601236698303237e-03
1.709897181478285894e-03
1.718884814495254612e-03
1.718884814495254612e-03
1.808761144664941143e-03
1.871674575783721520e-03
1.907625107851596176e-03
1.990760713258556223e-03
2.172760281852171519e-03
2.073896318665516270e-03
2.323303134886396410e-03
2.282858786310037504e-03
2.365994391716997550e-03
2.507549611734253506e-03
2.532265602530917644e-03
2.761450244463618114e-03
2.896264739718147803e-03
2.920980730514811507e-03
3.233300977854472458e-03
3.233300977854472458e-03
3.332164941041127273e-03
3.700657894736841900e-03
3.754583692838654209e-03
3.866929105550761993e-03
4.235422059246476620e-03
4.212952976704055150e-03
4.354508196721311106e-03
4.588186655162496477e-03
5.167888984756974571e-03
5.206086425079091244e-03
5.563344837503594702e-03
5.630752085130859980e-03
5.884652717860224154e-03
6.536256111590451126e-03
6.592428817946505669e-03
6.866551624964049513e-03
7.417044147253379002e-03
8.028203192407247502e-03
8.520276100086281515e-03
9.156151136036813284e-03
9.679680759275237703e-03
1.016950675870002818e-02
1.072898691400632661e-02
1.190411993097497886e-02
1.268379709519700839e-02
1.386342392867414425e-02
1.514640854184641852e-02
1.704953983318953023e-02
1.951889200460166923e-02
2.341278400920333500e-02
3.337557520851308634e-02
3.333513085993673047e-02
2.351164797238999155e-02
1.988064423353465629e-02
1.743825496117342583e-02
1.547670405522001691e-02
1.437796591889559973e-02
1.346347425941903965e-02
1.258493313201035357e-02
1.169965127983894210e-02
1.127049180327868889e-02
1.098513445498993345e-02
1.046385174000575256e-02
9.949309749784297080e-03
9.641483318953120163e-03
9.329163071613459646e-03
8.953929393155018318e-03
9.187607851596203690e-03
9.039311906816220599e-03
8.873040696002301372e-03
9.019089732528040929e-03
9.446002300834052332e-03
9.538125539257981747e-03
9.971778832326718550e-03
1.011108714408973271e-02
1.044138265746333109e-02
1.125476344549899282e-02
1.275120434282427453e-02
1.419821325855622624e-02
1.753711892436007891e-02
2.687077581248202562e-02
2.693368924360080643e-02
1.693270060396893928e-02
1.416450963474259403e-02
1.215577365545010037e-02
1.062787604256542999e-02
9.792026171987345054e-03
8.751707650273223352e-03
8.342770348001149819e-03
7.363118349151567127e-03
6.936205780845556591e-03
6.630626258268622342e-03
6.023961029623238310e-03
5.785788754673569338e-03
5.783541846419326671e-03
5.370110727638768670e-03
4.837593471383376184e-03
4.615149554213402415e-03
4.354508196721311106e-03
4.033200316364682521e-03
4.030953408110439853e-03
3.828731665228645321e-03
3.821990940465919053e-03
3.648979004889272258e-03
3.289473684210526133e-03
3.078264308311763099e-03
2.979400345125107850e-03
2.660339373022720631e-03
2.878289473684210367e-03
2.518784153005464675e-03
2.381722749496692753e-03
2.410932556801840491e-03
2.172760281852171519e-03
2.037945786597641831e-03
1.948069456427955082e-03
1.914365832614322660e-03
1.873921484037963754e-03
1.793032786885245941e-03
1.757082254817371285e-03
1.584070319240724707e-03
1.473971814782858722e-03
1.518909979867702096e-03
1.341404227782571268e-03
1.220071182053494331e-03
1.170639200460166706e-03
1.139182484900776518e-03
1.002121081392004596e-03
9.099978429680759392e-04
8.965163934426229704e-04
7.482204486626402046e-04
7.437266321541558456e-04
6.493564854759850636e-04
5.392579810181190791e-04
5.280234397469082356e-04
4.291594765602530946e-04
3.392831463905665633e-04
3.010857060684498363e-04
2.291846419327006059e-04
1.797526603393730354e-04
8.313560540696001973e-05
2.696289905090595463e-05
0.000000000000000000e+00
