3.246031726214702547e-05
7.990231941451576023e-05
1.473199014205134316e-04
1.897680086094749119e-04
2.896459078776195952e-04
2.746642229873978995e-04
3.171123301763593798e-04
3.995115970725787876e-04
4.794139164870945343e-04
5.193650761943524076e-04
5.318498136028704422e-04
5.518253934564994060e-04
5.892796056820537266e-04
6.417155027978296887e-04
7.715567718464177906e-04
7.141269797672345062e-04
8.165018265170828236e-04
8.140048790353792167e-04
8.439682488158226081e-04
8.739316185962661080e-04
1.048717942315519243e-03
1.021251520016779567e-03
1.071190469650851922e-03
1.101153839431295205e-03
1.191043948772625488e-03
1.203528686181143522e-03
1.295915743004177412e-03
1.308400480412695447e-03
1.445732591906394478e-03
1.438241749461283657e-03
1.550604386137946402e-03
1.598046388290315150e-03
1.533125753766020937e-03
1.730384604820606751e-03
1.625512810589054826e-03
1.835256399052158675e-03
1.842747241497269496e-03
1.950115983210525027e-03
1.970091563064154099e-03
2.007545775289708203e-03
2.282209998277106265e-03
2.239761891088144947e-03
2.374597055100140155e-03
2.297191683167327907e-03
2.591831486008354824e-03
2.609310118380280073e-03
2.614304013343687286e-03
2.814059811879976707e-03
3.028797295306487770e-03
2.906446868703010597e-03
3.141159931983150515e-03
3.353400467927957970e-03
3.271001201031738508e-03
3.510708159275286074e-03
3.445787524750991860e-03
3.807844909598016598e-03
3.960158705981937054e-03
4.047551867841563296e-03
3.990122075762380337e-03
4.272277141194889653e-03
4.529462731810362033e-03
4.626843683596802703e-03
5.146208759791155544e-03
5.183662972016709648e-03
5.323492030992112503e-03
5.648095203613582270e-03
6.022637325869125043e-03
6.127509120100676533e-03
6.367216078344224532e-03
7.076349163148051499e-03
7.051379688331015430e-03
7.505824130001073624e-03
7.795470037878692894e-03
8.132557947908682430e-03
8.864163560047840992e-03
9.488400430473746192e-03
1.008017698363750277e-02
1.114887050580665173e-02
1.154089126043411975e-02
1.223753960782942782e-02
1.333120260481561285e-02
1.446731370899075921e-02
1.553351028367820283e-02
1.694927950580415316e-02
1.898928559835600868e-02
2.127399254411482116e-02
2.405559203873264967e-02
2.911440763666417811e-02
3.528935875891722057e-02
5.686548194831818337e-02
5.669069562459892742e-02
3.544666645026454954e-02
2.894211826042662750e-02
2.427532341712256708e-02
2.136388265345615101e-02
1.911413297244118903e-02
1.713655056693192541e-02
1.558844312827568218e-02
1.465458477011852972e-02
1.345604997890079320e-02
1.235739308695120268e-02
1.152341262806219450e-02
1.102901702668487860e-02
1.033486562677127241e-02
9.448449270766488481e-03
8.726831448554142612e-03
8.122570157981868003e-03
7.870378462329801969e-03
7.575738659488774618e-03
7.216178222123454354e-03
7.033901055959090182e-03
6.334755761082076775e-03
6.087557960393418822e-03
6.177448069734749539e-03
5.797912052515799552e-03
5.435854667668774814e-03
5.198644656906931290e-03
5.018864438224270724e-03
4.874041484285460656e-03
4.544444416700583675e-03
4.626843683596802703e-03
4.327209985792369006e-03
4.085006080067118267e-03
4.167405346963337295e-03
3.970146495908751481e-03
3.463266157122917108e-03
3.445787524750991860e-03
3.383363837708401687e-03
3.478247842013138750e-03
3.226056146361073584e-03
3.043778980196709411e-03
3.016312557897969735e-03
2.956385818337082735e-03
2.599322328453465645e-03
2.576849801118133183e-03
2.524413904002357004e-03
2.392075687472065403e-03
2.611807065861983679e-03
2.387081792508658189e-03
2.362112317691622120e-03
2.059981672405484382e-03
2.049993882478669954e-03
2.007545775289708203e-03
1.952612930692228851e-03
1.860225873869194961e-03
1.782820501936382713e-03
1.652979232887794719e-03
1.563089123546464437e-03
1.468205119241726940e-03
1.618021968143944006e-03
1.348351640119953374e-03
1.353345535083360588e-03
1.415769222125950978e-03
1.285927953077362984e-03
1.186050053809218274e-03
1.183553106327514667e-03
1.051214889797222850e-03
1.153589736547071167e-03
9.638217279375962824e-04
1.036233204907001208e-03
9.188766732669311410e-04
8.639438286694515719e-04
8.739316185962661080e-04
7.540781394744924338e-04
8.015201416268611821e-04
7.515811919927888269e-04
7.415934020659743992e-04
6.242368704259043319e-04
5.443345510113885852e-04
5.967704481271645474e-04
5.218620236760560145e-04
4.694261265602800524e-04
3.745421222555426100e-04
2.671733805422870788e-04
2.821550654325087745e-04
2.247252733533255714e-04
1.772832712009568231e-04
1.273443215668844950e-04
8.239926689621936715e-05
1.747863237192532297e-05
0.000000000000000000e+00
