2.399861408003687761e-05
8.199526477345933238e-05
1.444916556068886928e-04
2.004884217936414050e-04
2.357363862236955840e-04
3.077322284638062100e-04
3.382304671905197427e-04
4.029767280939525729e-04
4.532238263240298114e-04
4.724727147007260495e-04
5.219698562408020591e-04
5.929657562275778308e-04
6.359632731209772464e-04
6.752110065643708971e-04
7.287079171177864327e-04
7.647058382378417321e-04
8.379516082946210278e-04
8.709497026546717370e-04
9.084475371547292774e-04
9.641943177781483370e-04
1.011191603684887278e-03
1.051439279381615648e-03
1.105936132188366228e-03
1.153683374785106127e-03
1.203930473015183420e-03
1.269176705045283555e-03
1.301674828278666851e-03
1.381420222982122741e-03
1.397669284598814388e-03
1.495413639862298036e-03
1.526661835279012744e-03
1.591158110619111813e-03
1.648654790185866874e-03
1.723900444749315716e-03
1.780647167626069494e-03
1.819144944379462187e-03
1.909139747179600327e-03
1.959886816536345142e-03
2.086379511583206104e-03
2.126377201716600929e-03
2.186873708043360690e-03
2.238120748526772376e-03
2.369113183713640602e-03
2.437359242503745436e-03
2.506855229110518859e-03
2.585100710433972399e-03
2.712093376607500883e-03
2.779589478707604651e-03
2.930330773397836312e-03
3.007076341341287720e-03
3.103070797661435041e-03
3.221063983554949862e-03
3.354306288811821288e-03
3.382304671905197319e-03
3.584792978205508622e-03
3.776031934155802631e-03
3.836028469355894869e-03
4.024017612982850635e-03
4.173258994293079296e-03
4.322750361166642803e-03
4.500740082260249429e-03
4.807972339597388171e-03
4.963463359990960208e-03
5.103955246584510053e-03
5.433436219058349406e-03
5.667672691902042939e-03
5.916158341855757598e-03
6.145145117869442800e-03
6.526123116390028685e-03
6.762609459303725416e-03
7.126338453954284176e-03
7.538314662328250357e-03
7.970539701332247928e-03
8.338018479432812019e-03
8.922484726507043384e-03
9.532199515477981361e-03
9.968174337931984264e-03
1.075987861700986731e-02
1.146008817990760986e-02
1.218529629913872418e-02
1.330173182498710707e-02
1.433342224486535907e-02
1.566859513863074274e-02
1.713626038096300111e-02
1.895390541196246073e-02
2.136251631468282647e-02
2.427909788209730788e-02
2.877233839745754751e-02
3.595667350210525470e-02
5.710220234781441390e-02
5.707920367598771222e-02
3.599792112005531508e-02
2.874633989887084157e-02
2.426084893597394918e-02
2.130976936081941178e-02
1.903115095103257923e-02
1.713626038096300111e-02
1.569709349285078673e-02
1.435367107549538959e-02
1.323848547746367572e-02
1.227879089982553476e-02
1.146783773237095537e-02
1.073063030609982225e-02
9.962174684411975734e-03
9.495201652104590800e-03
8.914735174043699611e-03
8.343768147389487438e-03
7.969789744642246862e-03
7.551813882748271284e-03
7.204083964151070628e-03
6.794857596973774734e-03
6.536372524486710502e-03
6.197642086169523508e-03
5.933407345725784723e-03
5.691671305982079661e-03
5.431436334551679318e-03
5.073706993421129956e-03
4.974962695904311914e-03
4.795723046994036266e-03
4.560736617460341667e-03
4.364497950243373739e-03
4.210506843229803835e-03
4.016518046082839105e-03
3.903274585892664659e-03
3.764282612679117814e-03
3.589042732782181909e-03
3.431801813445273328e-03
3.357306115571825553e-03
3.277810706431703424e-03
3.092571404001418812e-03
3.040824392391339604e-03
2.943829993817856806e-03
2.777589594200934996e-03
2.661346307250756285e-03
2.571101518887284384e-03
2.520104463967205808e-03
2.450858462923766364e-03
2.324615753440238946e-03
2.266369117183482818e-03
2.213372177756734588e-03
2.097128890806555877e-03
2.083879655949868927e-03
1.958386903156342576e-03
1.923638909852956082e-03
1.842643587332831604e-03
1.769397817276052200e-03
1.674153317645905945e-03
1.640655252159187822e-03
1.641905179975856411e-03
1.532661488799021924e-03
1.485414217328949330e-03
1.427917537762194268e-03
1.403918923682157330e-03
1.311424265248681796e-03
1.234928682868564366e-03
1.235428653995231671e-03
1.145933822321760836e-03
1.101686377611692941e-03
1.039939943468264809e-03
1.023690881851573161e-03
9.259465265880895135e-04
9.361959346847719809e-04
8.764493850480135038e-04
8.289521280146071487e-04
7.664557371811777341e-04
7.437070509178094922e-04
6.689613674810279556e-04
6.364632442476446600e-04
6.024652076342591235e-04
5.469684125741738250e-04
4.879718196274165226e-04
4.232255587239836924e-04
3.939772478139387480e-04
3.417302650771918008e-04
2.987327481837923852e-04
2.344864584070269957e-04
1.987385228503054030e-04
1.359921464535423087e-04
8.024536583012331691e-05
2.849835422004379343e-05
0.000000000000000000e+00
