7.101363461784662831e-05
1.985381193189092203e-04
3.165607796696966072e-04
4.308327198822173927e-04
5.221002432467033300e-04
6.486245359108948599e-04
7.273896588144923786e-04
8.176569901421072402e-04
8.939216329535270428e-04
9.296784982716681462e-04
1.007693477147612263e-03
1.110713256945333434e-03
1.156221994622967566e-03
1.233986925489694063e-03
1.274244654973755034e-03
1.339007089361157277e-03
1.405269811803866323e-03
1.451278645499935911e-03
1.501038199334272074e-03
1.576302650108820855e-03
1.635063932274996752e-03
1.703827134809883515e-03
1.695075454487261508e-03
1.787093121879400901e-03
1.879610885289975750e-03
1.860607236589425150e-03
1.936121735373191660e-03
2.011386186147740441e-03
2.019387722442709046e-03
2.088901069005249210e-03
2.166916047881193002e-03
2.213174929586480752e-03
2.265935059531429870e-03
2.339949270259890010e-03
2.401961176545897025e-03
2.456721690564588403e-03
2.505731100371271381e-03
2.549489501984380981e-03
2.596998623735757156e-03
2.716021476123415754e-03
2.742276517091281340e-03
2.836544616566380721e-03
2.892805418640378903e-03
2.989073902189220543e-03
3.065088496991422509e-03
3.183361205351427272e-03
3.195613557803098342e-03
3.285380793112277747e-03
3.407654269619767029e-03
3.558183171168864591e-03
3.540429762514402633e-03
3.771724171040839648e-03
3.799229452054794526e-03
3.902249231852515481e-03
4.000268051465881436e-03
4.155547865190116485e-03
4.220810395595954619e-03
4.408096354500064089e-03
4.614385962104724376e-03
4.801671921008833846e-03
4.857932723082832027e-03
5.040467769811803576e-03
5.200498495711176547e-03
5.381783302394059672e-03
5.527311243758801368e-03
5.827368854820125579e-03
6.042160094738189928e-03
6.243948838176929805e-03
6.501998383689668731e-03
6.869318909230572034e-03
7.149622727563692028e-03
7.431426833952118824e-03
7.752988573806170701e-03
8.205825518499552246e-03
8.591649596722570476e-03
8.924713545000640888e-03
9.426059803482269087e-03
9.961162543208295153e-03
1.073481108372807517e-02
1.125166031878120643e-02
1.207631865318141082e-02
1.324354276020995973e-02
1.416847034630649114e-02
1.543496351299449530e-02
1.678772324286263024e-02
1.894638770643963799e-02
2.160664847650748885e-02
2.518133481628472697e-02
3.138527597298681332e-02
5.061496807387018404e-02
5.068498151645115662e-02
3.131751296248879574e-02
2.511207151773140606e-02
2.162665231724491058e-02
1.889437772052234010e-02
1.679397444309307236e-02
1.541470962424785519e-02
1.418272308283190404e-02
1.325004400844962196e-02
1.207481836512610401e-02
1.122190460568429221e-02
1.067679994558955354e-02
9.935657646268082968e-03
9.452314844450134673e-03
8.932715081295608192e-03
8.626906366022276881e-03
8.191322733964920971e-03
7.783244382921520807e-03
7.385167952246831508e-03
7.165375752144411726e-03
6.832061755857124670e-03
6.522752368454742995e-03
6.258451622711560212e-03
6.002652509281782359e-03
5.824368278709511973e-03
5.523810571629752739e-03
5.372281478043784697e-03
5.203499071821790153e-03
5.019963833055946824e-03
4.840179314428370502e-03
4.809423409294584506e-03
4.601883561643835795e-03
4.424099427090001299e-03
4.227811739854051877e-03
4.138044504544872472e-03
3.990266131097170571e-03
3.905249807963129087e-03
3.801729932146972243e-03
3.749969994238894037e-03
3.521676161823070195e-03
3.571185667648188629e-03
3.395651965177313904e-03
3.273628536679042567e-03
3.187862069517347248e-03
3.198864181922929026e-03
3.071839793240302256e-03
2.983822893995647166e-03
2.871051241838432858e-03
2.847796776981180444e-03
2.736025316860837484e-03
2.693517155293816308e-03
2.633755681090769497e-03
2.569743390731020222e-03
2.525734941108692677e-03
2.471724571117654701e-03
2.391959256177186161e-03
2.342949846370503183e-03
2.241180306618870653e-03
2.216425553706311436e-03
2.170166672001024120e-03
2.070647564332351795e-03
2.013386570221482701e-03
1.996633353603892089e-03
1.950374471898604556e-03
1.888612613621815485e-03
1.888362565612597540e-03
1.776841153501472308e-03
1.689824446293688347e-03
1.715079295224683237e-03
1.641565180514658771e-03
1.565300537703239077e-03
1.488035702854948253e-03
1.447777973370887282e-03
1.363261746255281038e-03
1.336756657278197506e-03
1.278245423121239337e-03
1.231236397388298619e-03
1.169474539111509332e-03
1.087458792088080804e-03
9.884397804378441520e-04
9.611845474331071103e-04
8.589149116630393410e-04
8.084052138010497770e-04
7.281398028421456718e-04
6.276205031366022171e-04
5.366030277813340623e-04
4.218309915503776577e-04
3.208115958263986923e-04
2.115406157982332579e-04
6.851315452566892564e-05
0.000000000000000000e+00
