8.249917500824991399e-05
2.049979500204997978e-04
3.224967750322496650e-04
4.274957250427495925e-04
5.049949500504994629e-04
6.274937250627493331e-04
7.249927500724992696e-04
7.849921500784991972e-04
8.449915500844991248e-04
9.274907250927490795e-04
1.014989850101498956e-03
1.069989300106998853e-03
1.197488025119748754e-03
1.189988100118998708e-03
1.239987600123998793e-03
1.294987050129498690e-03
1.399986000139998672e-03
1.514984850151498497e-03
1.537484625153748416e-03
1.599984000159998358e-03
1.634983650163498352e-03
1.709982900170998370e-03
1.677483225167748391e-03
1.849981500184998129e-03
1.822481775182248180e-03
2.012479875201248023e-03
2.072479275207247951e-03
2.027479725202748113e-03
1.897481025189748198e-03
2.107478925210747728e-03
2.229977700222997815e-03
2.227477725222747583e-03
2.264977350226497592e-03
2.304976950230497833e-03
2.327476725232747751e-03
2.389976100238997477e-03
2.472475275247247323e-03
2.497475025249747474e-03
2.559974400255997633e-03
2.777472225277747425e-03
2.647473525264747510e-03
2.864971350286497302e-03
2.822471775282247262e-03
3.162468375316246708e-03
3.049969500304997114e-03
3.112468875311246840e-03
3.082469175308247093e-03
3.459965400345996547e-03
3.467465325346746376e-03
3.372466275337246671e-03
3.682463175368246369e-03
3.914960850391496251e-03
3.799962000379995992e-03
3.912460875391246019e-03
4.309956900430995594e-03
4.269957300426995353e-03
4.212457875421246091e-03
4.419955800441995389e-03
4.639953600463994979e-03
4.652453475465245271e-03
4.794952050479495478e-03
5.019949800501994665e-03
5.202447975520245113e-03
5.362446375536244342e-03
5.659943400565994182e-03
5.792442075579244329e-03
5.969940300596994313e-03
6.374936250637493716e-03
6.599934000659993770e-03
6.837431625683743248e-03
7.374926250737492799e-03
7.237427625723743055e-03
7.677423225767742235e-03
8.199918000819992128e-03
8.674913250867491085e-03
8.884911150888491482e-03
9.699903000969990752e-03
1.007489925100748911e-02
1.063739362606373924e-02
1.140988590114098804e-02
1.213487865121348763e-02
1.332986670133298746e-02
1.433235667643323503e-02
1.519484805151948524e-02
1.706482935170648349e-02
1.901480985190148049e-02
2.110228897711022983e-02
2.485725142748572425e-02
3.103968960310396832e-02
5.010449895501044998e-02
5.001449985500144857e-02
3.101968980310196994e-02
2.485975140248597448e-02
2.129478705212948034e-02
1.890481095189048069e-02
1.739232607673923264e-02
1.523984760152398421e-02
1.434985650143498492e-02
1.321986780132198593e-02
1.199988000119998725e-02
1.138488615113848919e-02
1.081489185108148836e-02
1.017739822601773994e-02
9.569904300956990836e-03
8.829911700882991585e-03
8.582414175858241179e-03
8.304916950830491459e-03
7.634923650763492629e-03
7.294927050729492317e-03
7.389926100738992455e-03
6.794932050679492776e-03
6.717432825671743393e-03
6.347436525634743767e-03
5.942440575594244365e-03
5.779942200577994037e-03
5.629943700562994001e-03
5.322446775532244968e-03
5.102448975510244511e-03
5.129948700512994460e-03
4.852451475485244740e-03
4.557454425455745133e-03
4.547454525454745072e-03
4.564954350456495828e-03
4.212457875421246091e-03
4.282457175428245645e-03
4.252457475425245464e-03
3.847461525384746062e-03
3.717462825371746146e-03
3.999960000399996329e-03
3.627463725362746472e-03
3.379966200337996499e-03
3.524964750352496505e-03
3.449965500344996487e-03
3.219967800321996837e-03
3.154968450315496879e-03
3.079969200307996861e-03
3.057469425305746943e-03
2.847471525284746979e-03
2.774972250277497193e-03
2.674973250267497459e-03
2.874971250287496928e-03
2.587474125258747582e-03
2.524974750252497423e-03
2.427475725242747486e-03
2.337476625233747812e-03
2.264977350226497592e-03
2.342476575234247842e-03
2.287477125228747511e-03
2.154978450215497797e-03
2.314976850231497893e-03
2.052479475205247830e-03
1.802481975180248277e-03
2.022479775202248083e-03
1.944980550194498050e-03
2.037479625203748174e-03
1.782482175178248156e-03
1.917480825191748102e-03
1.729982700172998274e-03
1.724982750172498244e-03
1.562484375156248349e-03
1.602483975160248373e-03
1.559984400155998334e-03
1.469985300146998443e-03
1.392486075139248627e-03
1.239987600123998793e-03
1.312486875131248796e-03
1.324986750132498654e-03
1.177488225117748850e-03
1.089989100108998974e-03
1.004989950100498896e-03
9.749902500974990402e-04
8.774912250877491037e-04
7.399926000739992515e-04
7.624923750762492786e-04
6.824931750682493390e-04
4.774952250477495141e-04
4.449955500444995353e-04
2.824971750282496952e-04
2.424975750242497525e-04
7.749922500774992454e-05
0.000000000000000000e+00
