2.224667968305730353e-05
7.648858407882622884e-05
1.209819434449408359e-04
1.574764966328775443e-04
2.099686621771700500e-04
2.549619469294207809e-04
2.997052689886034633e-04
3.591963899388016202e-04
3.829428457802673221e-04
4.389344890275126399e-04
4.891769903341926023e-04
5.411692304923490385e-04
5.454185962745059955e-04
6.304059119176463281e-04
6.751492339768290106e-04
7.001455032836349270e-04
7.443888999566814586e-04
7.831331173822306561e-04
8.266266259760730699e-04
8.626212537778736545e-04
9.086143893023966057e-04
9.933517422524688629e-04
1.025596929658248533e-03
1.090337267162875840e-03
1.106084916826163616e-03
1.176824358964424517e-03
1.209569471756340338e-03
1.255062681894727247e-03
1.331551265973553340e-03
1.392042237696023907e-03
1.442284739002703924e-03
1.508024927279603532e-03
1.521522912705278738e-03
1.620008213774094168e-03
1.689997767833150951e-03
1.744989560308124075e-03
1.806730345495934694e-03
1.886468444584645660e-03
1.951458744782341151e-03
2.004200873019701921e-03
2.130931958405208031e-03
2.171925840068369799e-03
2.269411290364912927e-03
2.320903605136933213e-03
2.457633198245161906e-03
2.545370103512050852e-03
2.623608426442353581e-03
2.732342197926959561e-03
2.838826305173952971e-03
2.918564404262663937e-03
3.013800190321594494e-03
3.175276090043561029e-03
3.254514263746136060e-03
3.419989566557191368e-03
3.504226994121127474e-03
3.669952259625250748e-03
3.838427114753122961e-03
3.988654693287027077e-03
4.190124623899883077e-03
4.288859887661766908e-03
4.547571274987207736e-03
4.657804822630222386e-03
4.880021656767727020e-03
5.141982559103053588e-03
5.375447714428621508e-03
5.614911974387822372e-03
5.946862430782205722e-03
6.234819453196610399e-03
6.557271327254407534e-03
6.868474880124141382e-03
7.186427425706713376e-03
7.634860497070811852e-03
8.039550097148000923e-03
8.444989585304393462e-03
9.012154935875820935e-03
9.497832448507060807e-03
1.019422851139467449e-02
1.081838535598561926e-02
1.158702063716990187e-02
1.244164308476959808e-02
1.343074546123990999e-02
1.461081933521421981e-02
1.595861817623719578e-02
1.755512989686289216e-02
1.933036494303225217e-02
2.156353164290229774e-02
2.474055747179733367e-02
2.918664389339890863e-02
3.644431068663001733e-02
5.703823704312131759e-02
5.705448461817073935e-02
3.647555602326352925e-02
2.916689684064653273e-02
2.467681698506497823e-02
2.161802350999113276e-02
1.931786680837884948e-02
1.754938075492232935e-02
1.599286306518752157e-02
1.451733328800676459e-02
1.342549624468548052e-02
1.247538804833378534e-02
1.165925985546657079e-02
1.087087752152991228e-02
1.020672664604807718e-02
9.490833493101154261e-03
8.967661576509706328e-03
8.439240443363827185e-03
8.077044501108208985e-03
7.725596954654518136e-03
7.191676642261142852e-03
6.885722305945837611e-03
6.619762000521421837e-03
6.298060014542829904e-03
5.928115228802101691e-03
5.588665891615676728e-03
5.423440551497689388e-03
5.103988229756708725e-03
4.877272067143978949e-03
4.728544264768483503e-03
4.572317581600946444e-03
4.329103881245723907e-03
4.188374885048406875e-03
3.977906297485100592e-03
3.884920175663782171e-03
3.664203117684685772e-03
3.529223263427933282e-03
3.454484418200583391e-03
3.266012547627266446e-03
3.182275045449466707e-03
3.044295638875897745e-03
2.916564702718119333e-03
2.791833318877157393e-03
2.702096712065724278e-03
2.619109097967128440e-03
2.527372789611150722e-03
2.451634093611528530e-03
2.347899575988283624e-03
2.288658417731153760e-03
2.187423527038589392e-03
2.107685427949878426e-03
1.952708558247681636e-03
1.948459192465524462e-03
1.930961803950760267e-03
1.835476055198761525e-03
1.757737657654594946e-03
1.721992992545862437e-03
1.649753774249193301e-03
1.548518883556629150e-03
1.497026568784608864e-03
1.422037760864191007e-03
1.389042685379207219e-03
1.312304138607312941e-03
1.275059697340171980e-03
1.271310256944151174e-03
1.208569620984068036e-03
1.147078798489325384e-03
1.033095810450290362e-03
1.051093124351190492e-03
9.796037941337254733e-04
9.513580098170347932e-04
8.583718879957165891e-04
8.266266259760730699e-04
7.831331173822306561e-04
7.348903176200952429e-04
7.163930783330587455e-04
6.576518454620648149e-04
6.189076280365155090e-04
5.514177009081394805e-04
5.321705735418988652e-04
4.866773634035120107e-04
4.236867647503610146e-04
3.866922861762881825e-04
3.304506802359747893e-04
2.987054182163312159e-04
2.657103427313473195e-04
2.147179533454631850e-04
1.569765712467414206e-04
1.212319061380088978e-04
6.349052403928713334e-05
2.249664237612536202e-05
0.000000000000000000e+00
