1.000407666123945579e-05
8.503465162053536154e-05
1.325540157614227710e-04
1.700693032410707231e-04
1.850754182329299093e-04
2.025825523900989735e-04
3.226314723249724091e-04
3.901589897883387336e-04
4.126681622761275265e-04
4.126681622761275265e-04
4.726926222435642714e-04
5.002038330619727659e-04
6.127496955009166220e-04
6.302568296580856591e-04
6.152507146662264999e-04
5.952425613437475850e-04
7.503057495929591489e-04
8.078291903950860159e-04
8.528475353706634933e-04
8.653526311972128829e-04
9.278781103299595058e-04
9.353811678258890311e-04
1.022916838611734325e-03
1.145466777711917584e-03
1.097947413571030229e-03
1.172977988530326133e-03
1.275519774308030586e-03
1.260513659316171318e-03
1.253010601820241793e-03
1.405572770904143370e-03
1.470599269202199980e-03
1.503112518351228067e-03
1.548130863326805653e-03
1.563136978318664921e-03
1.728204243229115779e-03
1.750713415716904572e-03
1.843251124833369513e-03
1.883267431478327343e-03
1.940790872280454210e-03
2.063340811380637470e-03
2.185890750480820946e-03
2.203397884637989766e-03
2.283430497927905426e-03
2.348456996225962035e-03
2.533532414458891917e-03
2.496017126979244074e-03
2.771129235163329128e-03
2.781133311824568639e-03
2.723609871022441772e-03
2.968709749222808291e-03
2.863666944279794069e-03
3.186298416604766478e-03
3.271333068225301677e-03
3.521434984756288168e-03
3.578958425558415035e-03
3.681500211336119488e-03
3.836563399585330835e-03
3.994127606999852385e-03
4.296750926002346205e-03
4.366779462631022353e-03
4.629386474988558126e-03
4.579366091682360133e-03
4.982030177297248202e-03
5.247138208820094178e-03
5.542258470326658255e-03
5.642299236939052505e-03
5.919912364288447762e-03
6.129997974174476207e-03
6.415114159019800338e-03
6.680222190542646314e-03
7.182927042769928633e-03
7.783171642444295865e-03
8.175831651397943989e-03
8.268369360514409364e-03
9.076198550909495705e-03
9.426341234052877313e-03
9.966561373759806608e-03
1.106200776816552815e-02
1.191235428437088101e-02
1.248758869239214968e-02
1.330792297861378530e-02
1.442087650717667480e-02
1.586646558472577448e-02
1.723952510648089215e-02
1.936539139699427689e-02
2.144373832336677124e-02
2.488013865650252551e-02
2.893429072346981323e-02
3.673246848090597205e-02
5.748092347631660048e-02
5.746341634215942906e-02
3.663492873345888107e-02
2.891678358931264528e-02
2.480510808154322983e-02
2.143373424670553390e-02
1.928785980286967100e-02
1.721201389566248338e-02
1.601152469631374892e-02
1.447839994797880080e-02
1.322038730782794033e-02
1.254511213319427741e-02
1.185232982440344481e-02
1.091694865657755545e-02
1.011912354284370819e-02
9.626422767277665812e-03
8.978658803462411658e-03
8.430935606259550019e-03
8.183334708893874598e-03
7.528067687582689835e-03
7.055375065339125618e-03
6.600189577252730221e-03
6.565175308938392580e-03
5.917411345123137559e-03
5.912409306792518020e-03
5.779855291031095466e-03
5.417207512061164576e-03
5.172107633860798491e-03
5.087072982240262858e-03
4.686909915790684993e-03
4.621883417492628383e-03
4.384286596788191173e-03
4.351773347639162869e-03
3.874078687064979112e-03
3.774037920452584429e-03
3.824058303758781554e-03
3.478917658946020352e-03
3.271333068225301677e-03
3.211308608257865040e-03
3.153785167455738173e-03
3.016229113363695646e-03
2.963707710892188752e-03
2.678591526046864187e-03
2.636074200236596370e-03
2.748620062675540335e-03
2.608562989418188038e-03
2.435992667011807437e-03
2.275927440431976118e-03
2.168383616323651692e-03
2.228408076291088762e-03
2.193393807976750688e-03
2.015821447239750114e-03
1.943291891445764197e-03
1.875764373982397818e-03
1.743210358220975047e-03
1.815739914014961182e-03
1.613157361624862045e-03
1.638167553277960825e-03
1.683185898253538411e-03
1.518118633343087335e-03
1.483104365028749261e-03
1.343047291771396748e-03
1.328041176779537697e-03
1.225499391001833244e-03
1.273018755142720599e-03
1.135462701050678072e-03
1.120456586058819022e-03
1.037922953603593375e-03
1.005409704454565288e-03
9.253770911646496278e-04
8.728556886931424083e-04
8.103302095603958938e-04
8.953648611809312012e-04
8.153322478910155413e-04
7.352996346010999898e-04
8.278373437175649309e-04
7.252955579398604781e-04
5.802364463518884258e-04
5.802364463518884258e-04
5.277150438803812063e-04
4.401793730945360210e-04
4.101671431108176486e-04
3.501426831433809036e-04
3.276335106555921649e-04
3.326355489862118666e-04
2.601059931922258405e-04
1.850754182329299093e-04
1.625662457451411435e-04
1.250509582654931915e-04
5.252140247150713826e-05
3.001222998371836569e-05
0.000000000000000000e+00
