0.000000000000000000e+00
0.000000000000000000e+00
0.000000000000000000e+00
0.000000000000000000e+00
0.000000000000000000e+00
0.000000000000000000e+00
4.943153732081067252e-04
4.943153732081067252e-04
0.000000000000000000e+00
9.886307464162134503e-04
0.000000000000000000e+00
0.000000000000000000e+00
9.886307464162134503e-04
0.000000000000000000e+00
9.886307464162134503e-04
4.943153732081067252e-04
0.000000000000000000e+00
3.460207612456747510e-03
0.000000000000000000e+00
1.482946119624320392e-03
0.000000000000000000e+00
9.886307464162134503e-04
0.000000000000000000e+00
1.977261492832426901e-03
0.000000000000000000e+00
0.000000000000000000e+00
1.482946119624320392e-03
4.943153732081067252e-04
1.482946119624320392e-03
9.886307464162134503e-04
9.886307464162134503e-04
9.886307464162134503e-04
1.977261492832426901e-03
1.482946119624320392e-03
2.471576866040534060e-03
9.886307464162134503e-04
0.000000000000000000e+00
2.471576866040534060e-03
1.482946119624320392e-03
3.460207612456747510e-03
2.471576866040534060e-03
9.886307464162134503e-04
1.482946119624320392e-03
4.943153732081067252e-04
2.965892239248640785e-03
2.471576866040534060e-03
2.471576866040534060e-03
4.943153732081068119e-03
2.471576866040534060e-03
2.965892239248640785e-03
2.471576866040534060e-03
5.931784478497281569e-03
3.460207612456747510e-03
1.977261492832426901e-03
3.460207612456747510e-03
6.426099851705387861e-03
2.965892239248640785e-03
9.886307464162134503e-04
5.931784478497281569e-03
5.437469105289174411e-03
4.943153732081068119e-03
5.931784478497281569e-03
2.965892239248640785e-03
3.460207612456747510e-03
6.920415224913495020e-03
5.437469105289174411e-03
4.448838358872960960e-03
4.448838358872960960e-03
4.943153732081068119e-03
5.931784478497281569e-03
9.391992090954029079e-03
6.920415224913495020e-03
6.920415224913495020e-03
1.235788433020266856e-02
6.920415224913495020e-03
9.391992090954029079e-03
1.038062283737024166e-02
1.038062283737024166e-02
1.334651507661888288e-02
9.391992090954029079e-03
1.186356895699456314e-02
1.631240731586752410e-02
1.779535343549184384e-02
1.532377656945130978e-02
2.174987642115669764e-02
2.174987642115669764e-02
2.224419179436480307e-02
2.422145328719723170e-02
3.559070687098368768e-02
5.536332179930796016e-02
5.734058329214038879e-02
3.707365299060801089e-02
2.619871478002966034e-02
2.174987642115669764e-02
2.669303015323776576e-02
1.977261492832427248e-02
1.532377656945130978e-02
1.828966880869994927e-02
1.631240731586752410e-02
1.136925358378645598e-02
9.886307464162136238e-03
1.532377656945130978e-02
1.384083044982699004e-02
1.087493821057834882e-02
1.038062283737024166e-02
7.909045971329707603e-03
1.186356895699456314e-02
6.426099851705387861e-03
9.886307464162136238e-03
9.886307464162136238e-03
9.886307464162136238e-03
4.448838358872960960e-03
6.426099851705387861e-03
6.920415224913495020e-03
3.460207612456747510e-03
7.414730598121601311e-03
4.448838358872960960e-03
1.977261492832426901e-03
3.954522985664853801e-03
3.954522985664853801e-03
4.448838358872960960e-03
4.448838358872960960e-03
1.977261492832426901e-03
2.471576866040534060e-03
4.448838358872960960e-03
2.965892239248640785e-03
1.482946119624320392e-03
3.954522985664853801e-03
2.471576866040534060e-03
2.471576866040534060e-03
6.426099851705387861e-03
4.448838358872960960e-03
4.943153732081068119e-03
3.460207612456747510e-03
3.460207612456747510e-03
3.460207612456747510e-03
2.965892239248640785e-03
4.943153732081067252e-04
2.965892239248640785e-03
1.482946119624320392e-03
4.448838358872960960e-03
9.886307464162134503e-04
4.943153732081067252e-04
9.886307464162134503e-04
3.460207612456747510e-03
9.886307464162134503e-04
2.965892239248640785e-03
1.482946119624320392e-03
9.886307464162134503e-04
4.943153732081067252e-04
4.943153732081067252e-04
9.886307464162134503e-04
9.886307464162134503e-04
3.460207612456747510e-03
9.886307464162134503e-04
1.482946119624320392e-03
9.886307464162134503e-04
1.482946119624320392e-03
2.965892239248640785e-03
0.000000000000000000e+00
9.886307464162134503e-04
9.886307464162134503e-04
1.977261492832426901e-03
1.482946119624320392e-03
0.000000000000000000e+00
9.886307464162134503e-04
9.886307464162134503e-04
9.886307464162134503e-04
4.943153732081067252e-04
4.943153732081067252e-04
4.943153732081067252e-04
0.000000000000000000e+00
4.943153732081067252e-04
0.000000000000000000e+00
4.943153732081067252e-04
0.000000000000000000e+00
4.943153732081067252e-04
0.000000000000000000e+00
0.000000000000000000e+00
0.000000000000000000e+00
0.000000000000000000e+00
