3.575859100148811036e-05
1.037749319273955501e-04
1.622889899298306422e-04
2.308054510096050661e-04
2.968213113200446232e-04
3.598364507072824106e-04
3.995960029397062590e-04
4.566097004805404528e-04
5.108727371751063282e-04
5.491319289459293054e-04
6.196488706411715577e-04
6.616589635659967132e-04
7.346765060305738594e-04
7.896897229559401163e-04
8.264485542651622222e-04
8.894636936524000096e-04
9.237219241922872215e-04
9.937387457336624083e-04
1.021495414273279178e-03
1.093762776507055780e-03
1.141274191124417572e-03
1.188285485587912407e-03
1.214041673512061348e-03
1.298561979515578616e-03
1.349824295286942586e-03
1.409338593597111782e-03
1.440095983059930078e-03
1.490358058523560351e-03
1.607386174528430481e-03
1.617888697759636797e-03
1.680653777069940997e-03
1.699908402993819279e-03
1.787929550074405464e-03
1.843692947230572048e-03
1.894955263001936235e-03
1.995479413929196564e-03
2.088751822625385581e-03
2.061245214162702507e-03
2.172021828244235890e-03
2.261293275709489251e-03
2.323558234865926494e-03
2.436835449716794662e-03
2.518855154950976928e-03
2.631632249647978140e-03
2.668641141034133399e-03
2.734657001344573037e-03
2.814926286040221170e-03
2.910449235428811711e-03
3.028227531664482493e-03
3.171762015824301784e-03
3.320547761599724340e-03
3.344553528985338715e-03
3.432074555912057942e-03
3.541600869608923716e-03
3.729395987385969360e-03
3.812665993004819235e-03
4.065976850938437560e-03
4.120990067863804576e-03
4.250771247792281896e-03
4.465322793801210395e-03
4.667871456117331924e-03
4.794151794968740977e-03
5.073218840826508244e-03
5.282269065142900649e-03
5.531578961845583751e-03
5.696118492467815674e-03
5.991689503403192958e-03
6.311266281724184184e-03
6.534819990502717911e-03
6.886654518748129387e-03
7.123461411604138128e-03
7.541061740083054681e-03
8.005673363025466935e-03
8.354007050193809278e-03
8.786110863134868887e-03
9.423513999238316771e-03
1.002265794357094265e-02
1.062480260882677115e-02
1.116493237500309522e-02
1.209790652204192039e-02
1.314340770370081395e-02
1.398160908158184966e-02
1.544296017118112693e-02
1.684379672216250109e-02
1.857971377623474085e-02
2.075823716647924588e-02
2.372144907814102352e-02
2.790495416523819730e-02
3.471784096129094943e-02
5.504272401444446766e-02
5.504397431482913744e-02
3.467107972690439133e-02
2.785519220992843659e-02
2.375545724860397834e-02
2.077724173232619112e-02
1.851669863684750339e-02
1.686130092754784329e-02
1.536869232833188229e-02
1.403462181789174798e-02
1.315215980639348678e-02
1.208090243681044298e-02
1.115142913084868695e-02
1.061354990536476396e-02
9.983898631646252395e-03
9.451020607700999845e-03
8.798863927058475642e-03
8.309246296422715533e-03
7.998421620794395406e-03
7.540561619929188157e-03
7.091953841910519397e-03
6.875901935439989593e-03
6.547322994349392272e-03
6.274757510491895882e-03
5.970934517017713154e-03
5.691867471159945888e-03
5.564836952077737049e-03
5.282519125219833911e-03
5.057214995902765617e-03
4.753392002428583757e-03
4.655118392193724301e-03
4.499330964264164345e-03
4.297532482178843469e-03
4.106486583401662387e-03
4.015714775474807721e-03
3.819917735235890330e-03
3.738398150155575021e-03
3.559105074994267214e-03
3.468083206990479287e-03
3.305294096906781932e-03
3.283038750059701690e-03
3.143255167053884795e-03
3.028977711895282712e-03
2.888443948658665165e-03
2.810675264732351818e-03
2.696647869650683430e-03
2.659638978264528171e-03
2.617628885339702907e-03
2.554363685875531750e-03
2.429083587331856611e-03
2.248540211785881628e-03
2.266044417171225560e-03
2.178773450321439594e-03
2.053993471931631412e-03
2.038739807238689004e-03
1.983226470159455898e-03
1.925462592387821269e-03
1.814685978306288102e-03
1.761423181919456087e-03
1.715162067686761688e-03
1.679903596839140562e-03
1.578879325758013276e-03
1.587631428450685242e-03
1.548371996372128459e-03
1.424342198213120712e-03
1.412839434674180482e-03
1.340822132517337359e-03
1.321817566670392555e-03
1.222543716127799619e-03
1.192286446818848281e-03
1.124770226046807771e-03
1.074258090506244019e-03
1.024246075119547442e-03
9.687327380403142280e-04
9.424764299622984381e-04
8.929645347294687093e-04
8.149457907262219920e-04
7.841884012634034798e-04
7.524307714928511618e-04
6.809135894898749953e-04
6.153978493333023140e-04
5.923923222554218536e-04
5.023706945593678407e-04
4.613608419422766537e-04
4.070978052477107782e-04
3.428323654758055439e-04
2.840682473964370003e-04
2.215532281630661700e-04
1.645395306222320034e-04
9.227216838845531989e-05
3.225774992441934289e-05
0.000000000000000000e+00
