3.751125337601280519e-05
4.501350405121536216e-05
1.825547664299289902e-04
2.450735220566169605e-04
2.950885265579674126e-04
3.275982794838451550e-04
4.176252875862758928e-04
4.576372911873562328e-04
5.301590477143142610e-04
4.826447934380314318e-04
6.702010603180953967e-04
6.752025607682304257e-04
6.651995598679603678e-04
7.727318195458637070e-04
8.402520756226868146e-04
9.652895868760628635e-04
9.177753325997799801e-04
9.602880864259277262e-04
1.075322596779033609e-03
1.117835350605181572e-03
1.172851855556667107e-03
1.217865359607882367e-03
1.292887866359908019e-03
1.370411123337001184e-03
1.267880364109232874e-03
1.432929878963689046e-03
1.480444133239972038e-03
1.600480144043212949e-03
1.675502650795238600e-03
1.622986896068820580e-03
1.650495148544563456e-03
1.695508652595778716e-03
1.885565669700910250e-03
1.870561168350505163e-03
1.873061918575572677e-03
1.933079923977193242e-03
2.015604681404421436e-03
2.140642192657797160e-03
2.098129438831649630e-03
2.290687206161848462e-03
2.368210463138941627e-03
2.485745723717115024e-03
2.548264479343803103e-03
2.593277983395018364e-03
2.640792237671301355e-03
2.693307992397719376e-03
2.865859757927378092e-03
2.818345503651095534e-03
3.025907772331699452e-03
3.135940782234670522e-03
3.348504551365409469e-03
3.346003801140342172e-03
3.441032309692907722e-03
3.681104331299389978e-03
3.688606581974592305e-03
3.848654596378913665e-03
4.288786635990797513e-03
4.263779133740121935e-03
4.398819645893768150e-03
4.616384915474642560e-03
4.706411923577073081e-03
4.786435930779233544e-03
5.146543963188956496e-03
5.306591977593278289e-03
5.526657997399219563e-03
5.371611483445033232e-03
6.334400320096029123e-03
6.554466339901970397e-03
6.599479843953186091e-03
6.904571371411423290e-03
6.934580374112233464e-03
7.429728918675602631e-03
8.154946483945183996e-03
8.615084525357606660e-03
8.770131039311793858e-03
9.565369610883264762e-03
9.465339601880564183e-03
1.033059917975392636e-02
1.099079723917175191e-02
1.213364009202760885e-02
1.306141842552765824e-02
1.395418625587676285e-02
1.545213564069220814e-02
1.695008502550765170e-02
1.835050515154546327e-02
2.066619985995798645e-02
2.353706111833549913e-02
2.828098429528858732e-02
3.453285985795738477e-02
5.459637891367410262e-02
5.470641192357707239e-02
3.467290187056117079e-02
2.836350905271581638e-02
2.347704311293388052e-02
2.077123136941082249e-02
1.843803140942282606e-02
1.683254976492947960e-02
1.563218965689706919e-02
1.391417425227568262e-02
1.305141542462738904e-02
1.213113934180254025e-02
1.094578373512053622e-02
1.035310593177953334e-02
9.382814844453336856e-03
9.730419125737721150e-03
8.832649794938481069e-03
8.637591277383215374e-03
7.994898469540863070e-03
7.512253676102830825e-03
7.027108132439731716e-03
6.574472341702510512e-03
6.484445333600079991e-03
6.604481344403320686e-03
6.196859057717315176e-03
5.504151245373611716e-03
5.494148244473341658e-03
5.394118235470641079e-03
5.096528958687606206e-03
4.791437431229369007e-03
4.678903671101330639e-03
4.563869160748224539e-03
4.198759627888366125e-03
4.076222866860057699e-03
4.111233370011003335e-03
3.828648594578373549e-03
3.636090827248174284e-03
3.531059317795338676e-03
3.361008302490747258e-03
3.336000800240072114e-03
3.313494048214464267e-03
3.088426527958387530e-03
3.098429528858657588e-03
2.770831249374812542e-03
2.693307992397719376e-03
2.658297489246774174e-03
2.695808742622786674e-03
2.478243473041912698e-03
2.380714214264279417e-03
2.390717215164549474e-03
2.335700710213063722e-03
2.238171451435430441e-03
2.110633189956986986e-03
2.158147444233269978e-03
1.995598679603881320e-03
1.908072421726517880e-03
1.868060418125437648e-03
1.908072421726517880e-03
1.930579173752125727e-03
1.748024407322196737e-03
1.845553666099830018e-03
1.662998899669901028e-03
1.673001900570171086e-03
1.497949384815444639e-03
1.547964389316795145e-03
1.457937381214364407e-03
1.265379613884165142e-03
1.380414124237271242e-03
1.317895368610583163e-03
1.157847354206261803e-03
1.225367610283084911e-03
1.140342102630789202e-03
9.177753325997799801e-04
1.057817345203561007e-03
1.027808342502750834e-03
9.127738321496448428e-04
7.727318195458637070e-04
8.202460738221465904e-04
7.827348204461338733e-04
6.276883064919475423e-04
6.952085625687706499e-04
5.651695508652595720e-04
5.551665499649895141e-04
4.951485445633690584e-04
3.726117835350605239e-04
3.926177853356006939e-04
2.875862758827648150e-04
2.200660198059417887e-04
1.425427628288486502e-04
1.325397619285785652e-04
3.501050315094528394e-05
0.000000000000000000e+00
