8.037325338873730065e-06
3.616796402493178275e-05
5.827060870683454000e-05
8.037325338873729048e-05
9.845723540120319202e-05
1.306065367566981055e-04
1.607465067774745810e-04
1.426625247650087065e-04
1.989238021371248085e-04
1.949051394676879325e-04
2.129891214801538340e-04
2.330824348273381600e-04
2.571944108439593621e-04
2.813063868605805099e-04
2.953717062036095896e-04
3.275210075591044896e-04
3.476143209062887885e-04
3.476143209062887885e-04
3.817729535965021671e-04
4.038755982784048904e-04
4.742021949935500721e-04
5.425194603739767751e-04
4.822395203324237700e-04
5.485474543781320485e-04
4.983141710101712200e-04
6.510233524487721302e-04
6.228927137627140792e-04
6.309300391015877770e-04
7.394339311763831321e-04
6.590606777876458280e-04
7.313966058375094342e-04
7.494805878499752544e-04
7.695739011971596075e-04
8.097605278915282053e-04
8.820964559413918115e-04
8.820964559413918115e-04
8.177978532304020116e-04
9.664883719995659645e-04
1.028777643375837448e-03
1.038824300049429571e-03
9.805536913425950442e-04
1.093076246086827248e-03
1.157374848797817048e-03
1.231720108182398970e-03
1.245785427525428158e-03
1.227701445512962121e-03
1.390457283625155154e-03
1.496951844365232084e-03
1.525082483051290244e-03
1.555222453072066611e-03
1.539147802394319215e-03
1.613493061778901137e-03
1.703912971841230672e-03
1.762183580548065199e-03
1.876715466627015827e-03
1.878724797961734251e-03
1.880734129296452676e-03
2.174096504165343949e-03
2.184143160838935855e-03
2.232367112872178476e-03
2.354936324290002585e-03
2.441337571682895488e-03
2.640261373820020161e-03
2.698531982526854688e-03
2.762830585237844704e-03
2.933623748688911435e-03
3.146612870169065296e-03
3.307359376946539687e-03
3.437965913703237928e-03
3.650955035183391789e-03
4.006606681428554438e-03
4.227633128247581563e-03
4.446650243731890481e-03
4.571228786484434099e-03
4.888703137369945599e-03
5.051458975482138632e-03
5.445287917086951562e-03
5.895378136063880378e-03
6.363552337053275665e-03
6.630793404570826770e-03
7.141163563589308753e-03
7.900690808112875371e-03
8.593910118590735933e-03
9.238905477035352573e-03
1.017927254168357783e-02
1.113772358834427129e-02
1.286976719887155882e-02
1.483087458155674977e-02
1.834720441731400517e-02
2.748363399627871961e-02
2.771470709977133864e-02
1.869883740088973054e-02
1.557231784406785079e-02
1.346653860528293327e-02
1.223280916576581674e-02
1.144916994522562730e-02
1.043646695252753789e-02
1.002455402891025936e-02
9.781424937409329348e-03
9.397642652478109190e-03
9.116336265617527163e-03
9.130401584960557218e-03
8.774749938715393702e-03
8.581854130582424953e-03
8.603956775264327839e-03
8.943533770831742225e-03
8.945543102166461299e-03
9.277082772395002855e-03
9.333344049767117873e-03
9.674930376669251333e-03
9.906003480161872099e-03
1.062735342932578930e-02
1.141300198120069609e-02
1.216851056305482716e-02
1.268892737874690105e-02
1.442097098927418858e-02
1.569689638682039354e-02
1.825477517591695895e-02
2.179320765635611723e-02
3.212719871081301526e-02
3.222967460888365859e-02
2.205040206720007556e-02
1.881537861830340219e-02
1.643030232399262172e-02
1.466008141810568217e-02
1.338013735789004080e-02
1.232523840716286470e-02
1.146122593323393828e-02
1.120403152238997821e-02
1.013908591498921020e-02
9.811564907430105065e-03
9.140448241634149124e-03
8.698395347996093138e-03
8.095595947580564930e-03
7.605319101909266757e-03
7.524945848520528911e-03
7.249667455664104108e-03
6.578550789868147300e-03
6.703129332620690918e-03
6.379626987731023061e-03
6.005891359473394808e-03
5.752715611298872024e-03
5.549773146492310502e-03
5.465381230434136241e-03
5.212205482259613457e-03
4.946973746076780559e-03
4.802301889977053130e-03
4.346183676995969691e-03
4.312025044305755825e-03
4.044783976788204720e-03
3.938289416048127572e-03
3.819738867299739878e-03
3.743384276580439748e-03
3.373667310992247911e-03
3.301331382942384630e-03
3.383713967665840251e-03
3.018015664747085262e-03
3.126519556821880617e-03
2.831147850618271136e-03
2.837175844622426626e-03
2.634233379815864671e-03
2.495589517720293166e-03
2.411197601662118904e-03
2.290637721579013002e-03
2.025405985396179671e-03
2.055545955416956255e-03
1.838538171267365545e-03
1.836528839932647121e-03
1.719987622518978068e-03
1.500970507034668933e-03
1.414569259641776464e-03
1.169430836806127595e-03
1.105132234095137795e-03
9.403670646482263380e-04
8.599938112594890339e-04
7.233592804986356279e-04
6.068180630849665750e-04
4.179409176214339159e-04
2.190171154843091345e-04
9.041991006232945349e-05
0.000000000000000000e+00
