1.105517194108919957e-05
2.854244392063029899e-05
5.507485657924437864e-05
7.618018483041466473e-05
9.849153183879468649e-05
1.306520320310541688e-04
1.587924696992812259e-04
1.714556666499834165e-04
1.935660105321618089e-04
2.028121543374364084e-04
2.369826857917121303e-04
2.562789859070678197e-04
2.759772922748267407e-04
2.974846267784002720e-04
3.254240613204257269e-04
3.541675083672576451e-04
3.579865677650884408e-04
3.971821773744047077e-04
4.202975368875912199e-04
4.353727713527128277e-04
4.665282559139642443e-04
4.862265622817231654e-04
5.011007936206431437e-04
5.203970937359989144e-04
5.425074376181772797e-04
5.997933285856395409e-04
6.206976537106081299e-04
6.289387818848746637e-04
6.671293758631828379e-04
6.946668041528050340e-04
7.360734481503390615e-04
7.400935106743715408e-04
7.981834141466402112e-04
8.194897455240121673e-04
8.440121269206099768e-04
9.157702429745890119e-04
9.284334399252911754e-04
9.634079838843733878e-04
1.036372118695562091e-03
1.033558074928739388e-03
1.107728228497137759e-03
1.123004466088461158e-03
1.172451235134060145e-03
1.216269916646013508e-03
1.242802329304627720e-03
1.284208973302161747e-03
1.358982136249165060e-03
1.417072039721433731e-03
1.454056614942532237e-03
1.520387646589067441e-03
1.564809337479625747e-03
1.657069772406170221e-03
1.751139235468529304e-03
1.783500738786990281e-03
1.880384245616172068e-03
1.924202927128125648e-03
2.009026246385210105e-03
2.115155897019666519e-03
2.210431378839235270e-03
2.316963035726094834e-03
2.411233501914655276e-03
2.558769796546645717e-03
2.585101206079058137e-03
2.789923391678510948e-03
2.895249029808160627e-03
3.079166890282644415e-03
3.142080868783752191e-03
3.346099041878398267e-03
3.498861417791630964e-03
3.657050878112307491e-03
3.846797829246638260e-03
4.108302896434948281e-03
4.315537119548819994e-03
4.596539489978688012e-03
4.834125185149004515e-03
5.125981724393759327e-03
5.462259954529072661e-03
5.862457178796501647e-03
6.243157099822373504e-03
6.670288743000819635e-03
7.204756055570932065e-03
7.771383868333304329e-03
8.455598509923624093e-03
9.247952833410417323e-03
1.014945185442469103e-02
1.133175224274263204e-02
1.276048246378375974e-02
1.493031121113026598e-02
1.836605764729458759e-02
2.723431557531014180e-02
2.735652547604072726e-02
1.858314102359234082e-02
1.537935219506468901e-02
1.347444556805191956e-02
1.223546229814512221e-02
1.129597368627874299e-02
1.057075440694329148e-02
1.007327166959427756e-02
9.600512316768063451e-03
9.226847505159247592e-03
9.132376035844484707e-03
8.824841252756003562e-03
8.724942699033797280e-03
8.772379436817381165e-03
8.847956612269190779e-03
8.785243636894285446e-03
8.884539181237886135e-03
9.145642242173792139e-03
9.431669690758700403e-03
9.734380398818342009e-03
1.015146188568670851e-02
1.067567803882053801e-02
1.130200378006479198e-02
1.212330255372461724e-02
1.312912219723753361e-02
1.425353368520940536e-02
1.583522728528996906e-02
1.823460160275872793e-02
2.188843643085180979e-02
3.186020152171426673e-02
3.222039912386757271e-02
2.220984042964820396e-02
1.860344233933870425e-02
1.652466800816152978e-02
1.480126720410882522e-02
1.360670562509258726e-02
1.242581225865805813e-02
1.146039424351166965e-02
1.085738486490680360e-02
1.019286852968424167e-02
9.710461026800350226e-03
9.108255660700290482e-03
8.672681886221375591e-03
8.209168677200435679e-03
7.764549762042449038e-03
7.451386891420322053e-03
7.221640318171868717e-03
6.797121715634043063e-03
6.510290254544328498e-03
6.219438730930582429e-03
6.013209523447718592e-03
5.699041637194582864e-03
5.526982961165994614e-03
5.308492562984832089e-03
5.130805799422597999e-03
4.941661857666872389e-03
4.677141743585537872e-03
4.525585386429515494e-03
4.342471538459838007e-03
4.155739634218531299e-03
4.033328730361743393e-03
3.866697138740598973e-03
3.750517331796061633e-03
3.581473702660497443e-03
3.428711326747264747e-03
3.288612147784734322e-03
3.119769521775372142e-03
2.991730530384939264e-03
2.923992476854992383e-03
2.763792985272300103e-03
2.617663712523720689e-03
2.509725033753450098e-03
2.344902470268120289e-03
2.250833007205760988e-03
2.148120409716732220e-03
2.028121543374364084e-03
1.859479920491203479e-03
1.789731835699240629e-03
1.611442062758402030e-03
1.512749527793405850e-03
1.369836305064052722e-03
1.278580885768516341e-03
1.140089731815598952e-03
9.676290495346074423e-04
8.283338830768835351e-04
6.757725102898525221e-04
5.525575939282583154e-04
3.939661273551787459e-04
2.476358514803980813e-04
8.281328799506819057e-05
8.040125048064872686e-07
