2.249010435408420138e-05
7.496701451361401363e-05
1.374395266082923425e-04
1.849186358002478795e-04
2.723801527327975643e-04
4.023229778897285448e-04
3.898284754707928329e-04
4.048218783735156655e-04
4.697932909519811286e-04
5.122745991763624513e-04
6.197273199792091829e-04
7.296789412658430353e-04
6.846987325576746461e-04
7.521690456199272299e-04
8.246371596497540550e-04
7.721602494902243038e-04
9.420854823877493778e-04
9.370876814201751365e-04
9.295909799688137744e-04
1.097017312382551728e-03
1.132001919155571634e-03
1.199472232217824218e-03
1.174483227379952794e-03
1.226960137539482654e-03
1.334412858342329386e-03
1.366898564631562063e-03
1.404382071888369199e-03
1.509335892207428701e-03
1.486845787853344506e-03
1.694254528007676716e-03
1.631782015912998374e-03
1.794210547359161977e-03
1.591799608172404226e-03
1.801707248810523448e-03
1.901663268162008709e-03
2.006617088481068428e-03
2.001619287513493970e-03
2.131562112670425113e-03
2.096577505897405207e-03
2.361460957178841517e-03
2.371456559113990000e-03
2.476410379433049286e-03
2.256507136859781798e-03
2.538882891527727628e-03
2.583863100235896017e-03
2.653832313781935830e-03
2.763783935068570008e-03
2.968693774739114988e-03
3.278557434728719255e-03
3.056155291671664321e-03
3.306045340050377691e-03
3.503458478269561201e-03
3.465974971012754282e-03
3.583423293750749496e-03
3.690876014553596228e-03
3.698372716004957698e-03
4.043220982767581871e-03
4.208148414697533354e-03
4.360581344208548475e-03
4.562992283395306443e-03
4.547998880492583502e-03
4.995302067090479949e-03
5.155231698052856540e-03
5.452600855623525311e-03
5.495082163847906688e-03
6.007356763024268922e-03
6.142297389148774524e-03
6.487145655911398696e-03
6.572108272360161450e-03
6.966934548798528470e-03
7.269301507336772133e-03
7.739094798288752991e-03
8.066450761664867644e-03
8.691175882611651068e-03
8.793630802446923342e-03
9.598276758226380323e-03
1.004308104434049019e-02
1.062532485706289311e-02
1.153992243412898383e-02
1.236206069329495033e-02
1.333663188197193282e-02
1.441365799048418758e-02
1.541321818399904106e-02
1.657770580944384342e-02
1.850185918195993914e-02
2.100075966574707284e-02
2.347717004518012213e-02
2.737545479988804861e-02
3.468973651593298957e-02
5.260685298468673748e-02
5.259685738275159117e-02
3.469973211786813588e-02
2.748790532165847067e-02
2.347467114469633381e-02
2.103574427252009188e-02
1.847187237615449326e-02
1.656521130702490879e-02
1.556565111351005531e-02
1.437867338371116681e-02
1.342659229938826873e-02
1.245701891167886113e-02
1.156990923993442971e-02
1.082023909479828960e-02
9.985606333213386740e-03
9.780696493542840458e-03
8.821118707768582645e-03
8.823617608252369224e-03
8.183899084402862859e-03
7.746591499740114461e-03
7.211826796209667816e-03
7.081883971052737106e-03
6.627084083003478322e-03
6.594598376714245862e-03
6.039842469313502250e-03
5.867418335932190164e-03
5.540062372556075511e-03
5.442605253688377262e-03
5.162728399504218010e-03
5.022789972412138385e-03
4.625464795489984786e-03
4.612970293071048423e-03
4.283115429211147192e-03
4.188157210827236389e-03
3.978249570189116950e-03
3.750849626164487558e-03
3.678381512134660733e-03
3.478469473431690211e-03
3.538443085042581107e-03
3.518451881172284142e-03
3.361021150693694563e-03
2.983687177641837496e-03
3.138619007636640063e-03
2.868737755387629294e-03
2.748790532165847067e-03
2.658830114749510289e-03
2.528887289592579145e-03
2.493902682819559239e-03
2.259006037343568810e-03
2.431430170724880897e-03
2.348966454759905589e-03
2.326476350405821611e-03
2.114069809283915160e-03
2.146555515573147620e-03
2.076586302027108241e-03
2.059093998640598288e-03
1.904162168645795938e-03
1.861680860421414561e-03
1.611790812042701191e-03
1.794210547359161977e-03
1.729239134780696406e-03
1.696753428491463728e-03
1.514333693175002942e-03
1.531825996561512896e-03
1.429371076726240405e-03
1.354404062212626351e-03
1.369397465115349292e-03
1.214465635120546942e-03
1.221962336571908413e-03
1.221962336571908413e-03
1.214465635120546942e-03
1.047039302706809097e-03
9.970612930310662498e-04
9.395865819039622572e-04
9.245931790012394246e-04
8.321338611011155255e-04
8.521250649714125994e-04
6.821998320738875254e-04
7.946503538443084984e-04
7.121866378793330820e-04
5.622526088521050819e-04
5.297669025628722961e-04
5.322658030466594168e-04
4.173163807924513231e-04
3.623405701491343969e-04
2.948702570868817589e-04
2.798768541841589806e-04
2.249010435408420273e-04
1.949142377353964165e-04
1.074527208028467452e-04
3.998240774059414105e-05
0.000000000000000000e+00
