3.474772402407642197e-05
9.674366329005450540e-05
1.547398645388727120e-04
2.249852634652430320e-04
2.639827091325518409e-04
3.259786483985298972e-04
3.824749478909131653e-04
4.609698064776756947e-04
4.949675796235346271e-04
5.274654510129586074e-04
6.104600148690261015e-04
6.532072149274222635e-04
6.894548407079336512e-04
7.656998466600437253e-04
8.311955566910367603e-04
8.459445906293137441e-04
9.014409556174070260e-04
9.571873042315728452e-04
9.836855685952570170e-04
1.073929657607426789e-03
1.126926186334795132e-03
1.178922780557873544e-03
1.210920684695152450e-03
1.259917475405360849e-03
1.297415019316234706e-03
1.370160254503330127e-03
1.414657339944233724e-03
1.481652951731661548e-03
1.540899071110842346e-03
1.565647450092018866e-03
1.662641097008145949e-03
1.715887609361586722e-03
1.766134318202157698e-03
1.828880208346353366e-03
1.935123249427162483e-03
1.980370285746283800e-03
2.054115455437668936e-03
2.101362360765369683e-03
2.181357121108567273e-03
2.246852831139560525e-03
2.373094562306169147e-03
2.365095086271849258e-03
2.505335900498517360e-03
2.597829842145339425e-03
2.656825977898447794e-03
2.743570296145602262e-03
2.865062338416833870e-03
2.965055788845830532e-03
3.047050418197607986e-03
3.106046553950716355e-03
3.223038890952642510e-03
3.380778559004385397e-03
3.447024219913595502e-03
3.661010203831649174e-03
3.756753932617413680e-03
3.965240276761872185e-03
4.042735200844345053e-03
4.185725834957809872e-03
4.387712604824384362e-03
4.503954990948092797e-03
4.694692497641404089e-03
4.867931150509641897e-03
5.153162467858355550e-03
5.308652283275445277e-03
5.598883273145609241e-03
5.705876265104635643e-03
6.071602310048692178e-03
6.360833365414565559e-03
6.650564388032583797e-03
6.980792758074345905e-03
7.267523977179494998e-03
7.684746649094484003e-03
8.120468109338838808e-03
8.479194612752864735e-03
9.139151385584244960e-03
9.497127938120053167e-03
1.007584003247787192e-02
1.059730587646509105e-02
1.135925596873404823e-02
1.228194553256761745e-02
1.310464164597218914e-02
1.421981860188157622e-02
1.543648890997639626e-02
1.696863855417470035e-02
1.870427486999601610e-02
2.080088754186600747e-02
2.360370395739079183e-02
2.748070001414907454e-02
3.421925863855917321e-02
5.342600059696089865e-02
5.343050030223020497e-02
3.424825673918358016e-02
2.749344917907876884e-02
2.357245600413172826e-02
2.083888505302902705e-02
1.869852524659634807e-02
1.693414081377669911e-02
1.544123859887177458e-02
1.421331902760369220e-02
1.310789143311113202e-02
1.234544137359002910e-02
1.134475691842184303e-02
1.058030698989216242e-02
1.006259090029603016e-02
9.507627250415097778e-03
9.163149813687203327e-03
8.477444727370357300e-03
8.118718223956331373e-03
7.710744946206023534e-03
7.272023682448799584e-03
7.002041366290507989e-03
6.650314404406511802e-03
6.314836378217226522e-03
6.103100246933826009e-03
5.731374594964029449e-03
5.591383764363433775e-03
5.347149761690608849e-03
5.168411469048777608e-03
4.878680446430758502e-03
4.669194167782010282e-03
4.548952043641141252e-03
4.394462162728341240e-03
4.177226391671345559e-03
4.080982695633435763e-03
3.970239949283321627e-03
3.732255537262309155e-03
3.681758844795665966e-03
3.471772598894772455e-03
3.406276888863779637e-03
3.241537679282007010e-03
3.099296996046759043e-03
3.019052252077489024e-03
2.931557982952116836e-03
2.847813468217831948e-03
2.789067316090796007e-03
2.632827549795488560e-03
2.609079105318601755e-03
2.520084934436794561e-03
2.360845364628616667e-03
2.369594791541153843e-03
2.251102552782792681e-03
2.191106482525394597e-03
2.076863965410265592e-03
2.067364587619511130e-03
1.990869598041328410e-03
1.968121088068731320e-03
1.863127965118284782e-03
1.744635726359923403e-03
1.704638346188324608e-03
1.662141129756000875e-03
1.585896123803890801e-03
1.546648694510509509e-03
1.496651969296011178e-03
1.414407356318161078e-03
1.361660811216865380e-03
1.314663889515236845e-03
1.237668932684909051e-03
1.211170668321224879e-03
1.173923108036423668e-03
1.111927168770445503e-03
1.064930247068816968e-03
1.002684324176766374e-03
9.346887778850485095e-04
8.839421017923325668e-04
8.551939847939959939e-04
8.291956876824567880e-04
7.624500595211013924e-04
6.872049880732812501e-04
6.442078043888125509e-04
5.939610955482415742e-04
5.427144522033806656e-04
5.039669901621443397e-04
4.527203468172834853e-04
3.892245057948704227e-04
3.459773384843292947e-04
2.779817921926113758e-04
2.229853944566630869e-04
1.594895534342500513e-04
9.649367966398200887e-05
3.474772402407642197e-05
0.000000000000000000e+00
