1.570271143549960258e-04
4.590023342684499091e-04
8.213725981645945799e-04
9.904787213161287199e-04
1.213940384052084780e-03
1.331710719818331732e-03
1.691061231515341833e-03
1.848088345870337913e-03
1.986996947030526470e-03
2.186300592173406193e-03
2.298031423541384115e-03
2.485256059887725778e-03
2.479216555489456748e-03
2.702678218225412592e-03
2.862725084779543187e-03
2.950297898554444555e-03
3.022771951333673348e-03
3.200937331082611467e-03
3.324747171247127448e-03
3.279450888260109290e-03
3.608603877965774025e-03
3.644840904355388638e-03
3.780729753316442680e-03
4.100823486424704303e-03
3.922658106675766185e-03
4.058546955636820226e-03
4.278988866173641555e-03
4.221613574390085770e-03
4.710813430649880666e-03
4.641359130069786822e-03
4.940314597784105539e-03
5.018828154961603796e-03
5.046005924753814431e-03
5.160756508320926868e-03
5.447632967238708393e-03
5.381198418857748196e-03
5.822082239931390853e-03
5.770746452546104098e-03
5.982129106485521881e-03
6.063662415862154653e-03
6.595138802909833627e-03
7.123595437758377218e-03
6.984686836598188661e-03
7.781901417169706688e-03
7.495024958251926030e-03
7.875513735342877519e-03
8.189567964052870547e-03
8.793518403879777012e-03
9.328014543126591368e-03
9.717562576814947270e-03
1.013428838029551381e-02
1.032151301664185374e-02
1.099491775704885578e-02
1.153847315289307368e-02
1.254103088300574133e-02
1.370967498407080730e-02
1.540677571998441860e-02
1.672640743100621205e-02
1.965858681636584865e-02
2.779077948863516168e-02
2.734083641096411721e-02
1.881607595280731376e-02
1.620399030055593576e-02
1.460956113941289970e-02
1.330200843718764431e-02
1.210618656633036770e-02
1.112174734941250714e-02
1.061442897995790516e-02
9.944043991750037628e-03
9.620930506442641056e-03
9.177026933169863884e-03
8.591195006537762774e-03
8.500602440563727324e-03
8.403970370191422845e-03
8.331496317412192751e-03
8.020461840901335973e-03
7.990264318909990823e-03
8.089916141481429818e-03
8.343575326208730811e-03
8.425108635585364450e-03
8.775399890684969922e-03
9.273659003542170098e-03
9.530337940468605606e-03
1.043324384800983252e-02
1.120932016318740808e-02
1.249573460001872187e-02
1.377007002805349760e-02
1.623116807034814812e-02
2.046486065353476935e-02
3.380008636491289853e-02
3.328068898666175501e-02
2.064906553768197650e-02
1.560305961292816380e-02
1.323557388880668498e-02
1.155055216168961174e-02
1.015542664568945541e-02
8.811636917074584102e-03
8.032540849697874033e-03
7.470866940658849910e-03
6.806521456849250543e-03
6.247867300009360934e-03
5.764706948147835068e-03
5.372139162260344651e-03
4.976551624173720587e-03
4.580964086087095655e-03
4.436015980528638068e-03
4.161218530407394603e-03
3.883401328087017056e-03
3.678058178545868737e-03
3.611623630164908540e-03
3.521031064190872657e-03
3.228115100874822101e-03
3.068068234320691506e-03
2.959357155151848100e-03
2.651342430840125403e-03
2.723816483619354196e-03
2.587927634658300155e-03
2.255754892753500471e-03
2.340307954329267758e-03
2.141004309186388035e-03
2.014174716822737538e-03
2.026253725619275598e-03
2.020214221221006568e-03
1.863187106866010488e-03
1.857147602467741458e-03
1.730318010104090962e-03
1.688041479316207318e-03
1.600468665541305733e-03
1.503836595169000387e-03
1.500816842969865872e-03
1.440421798987175138e-03
1.380026755004484405e-03
1.458540312181982445e-03
1.222999640649488325e-03
1.241118153844295632e-03
1.210920631852950048e-03
1.265276171437371752e-03
1.250177410441699177e-03
1.102209552684106642e-03
1.102209552684106642e-03
9.542416949265143233e-04
1.041814508701415908e-03
1.029735499904877848e-03
9.331034295325726100e-04
9.149849163377653033e-04
8.908268987446889666e-04
8.455306157576709166e-04
8.636491289524781149e-04
7.579578019827693317e-04
7.911750761732492133e-04
6.975627580000784899e-04
6.945430058009439750e-04
6.462269706147913016e-04
5.979109354286387366e-04
5.888516788312350833e-04
5.465751480433515483e-04
5.767726700346969149e-04
5.858319266321005683e-04
5.677134134372933700e-04
5.163776260520061816e-04
5.375158914459478949e-04
4.861801040606607608e-04
5.435553958442170333e-04
4.106862990822972900e-04
4.318245644762390575e-04
3.744492726926828391e-04
3.533110072987410716e-04
3.231134853073956508e-04
2.898962111169157692e-04
3.170739809091266208e-04
2.838567067186466850e-04
2.385604237316285808e-04
2.144024061385522712e-04
2.053431495411486450e-04
1.660863709523996521e-04
1.449481055584578846e-04
9.663207037230525187e-05
8.757281377490162561e-05
3.321727419047992906e-05
1.811851319480723557e-05
0.000000000000000000e+00
