1.754516294050891348e-04
4.729040475875552181e-04
7.697525014691431865e-04
9.965410964488711186e-04
1.198567155092596743e-03
1.393647624276224276e-03
1.642782898388442164e-03
1.764179722864940916e-03
1.991270299995108028e-03
2.104815588560191367e-03
2.276341450009572876e-03
2.492258687573494901e-03
2.571981975289404452e-03
2.699720424925123371e-03
2.805716159729230910e-03
2.975128146125538813e-03
3.080821898779206956e-03
3.214298009273267899e-03
3.345358262563816274e-03
3.445012372208703429e-03
3.567617125286958683e-03
3.636469055587062543e-03
3.803465184779857879e-03
3.924862009256357281e-03
4.033575583414415917e-03
4.109373103174617653e-03
4.340691430410931542e-03
4.448499058117672857e-03
4.605831758496418786e-03
4.696728385778572989e-03
4.869160193679272254e-03
4.968210339023280617e-03
5.156043236596370878e-03
5.235464542161841900e-03
5.455307547681471740e-03
5.535030835397381291e-03
5.791111698969697054e-03
5.963845489020834847e-03
6.146544690036461443e-03
6.333773623308673779e-03
6.599215933544600420e-03
6.810603438851936704e-03
7.077857641990497120e-03
7.233982413767487199e-03
7.679104103514649074e-03
8.007056718891460492e-03
8.251964242897530735e-03
8.542471071619898645e-03
9.022924672968430856e-03
9.536596310865256762e-03
9.898974891392119460e-03
1.040358706477577562e-02
1.109663610003339997e-02
1.188329960192712961e-02
1.256638322622026516e-02
1.369398457595968378e-02
1.517248918450928193e-02
1.689197554910924423e-02
1.978587049676667695e-02
2.743628629598961546e-02
2.725358709497398974e-02
1.936249152185112732e-02
1.637286823250451440e-02
1.443504877313711750e-02
1.298251462952527795e-02
1.198385965802333322e-02
1.097916504351260751e-02
1.052196406774788366e-02
9.879044069463141856e-03
9.473482041423494926e-03
9.086340924560631221e-03
8.889750544624808876e-03
8.647862842123127392e-03
8.396009728656958840e-03
8.219652152800552627e-03
8.182508348296549383e-03
8.235053242472943624e-03
8.282162457941435671e-03
8.285484261596266428e-03
8.623704270088003443e-03
8.798249953041775012e-03
9.184485123453323130e-03
9.591557062245164439e-03
1.027041293643215364e-02
1.115612658366989252e-02
1.229731713017906923e-02
1.392651083179775352e-02
1.629827864134606591e-02
2.042879049505141875e-02
3.318995220830486814e-02
3.304651068684632403e-02
2.008332291494914490e-02
1.595130115049159594e-02
1.304532691681660125e-02
1.132040487350873675e-02
9.975074393302760592e-03
9.007825565446478389e-03
8.109126685739858481e-03
7.321859219545250909e-03
6.758964491126858050e-03
6.251332496238812264e-03
5.810740538748235262e-03
5.421787528982736915e-03
5.050047501792264207e-03
4.826882692617804477e-03
4.494702327134847582e-03
4.158294211545744343e-03
3.934827420220845216e-03
3.725251807816143575e-03
3.598419304631741977e-03
3.385823870722649408e-03
3.199500883901754394e-03
3.110718131672672929e-03
2.900236572816653965e-03
2.818399410047670809e-03
2.689755013960635002e-03
2.588892975713991563e-03
2.427634507379537818e-03
2.386564934919826759e-03
2.231346109594154001e-03
2.146187143170341389e-03
2.071899534162334900e-03
2.005765443216182570e-03
1.918190619588857389e-03
1.862021939607193645e-03
1.794075955758407106e-03
1.734887454272352868e-03
1.689892113856934211e-03
1.602619272380048209e-03
1.582688450451070821e-03
1.457667840169303217e-03
1.410860606851250133e-03
1.377642570302954486e-03
1.359221659126172346e-03
1.295201443233093405e-03
1.253829888622943383e-03
1.197963190791718601e-03
1.157195600482446721e-03
1.118843867376687192e-03
1.106764581359125001e-03
1.059655365890632955e-03
1.014660025475214297e-03
9.596992740953067284e-04
9.421843093698418006e-04
9.207435766886690577e-04
8.718224683175426933e-04
8.530995749903214813e-04
7.963269307077797034e-04
8.005546808139264812e-04
7.416681614783113144e-04
7.458959115844580922e-04
6.969748032133316193e-04
7.096580535317718440e-04
6.368803552759603852e-04
6.513754984970348194e-04
5.816176217456138541e-04
5.788997823916624316e-04
5.813156395951747830e-04
5.263548882152673230e-04
5.058201019854117932e-04
5.040082090827775838e-04
4.602207972691149934e-04
4.342503323313565643e-04
4.043540994378904286e-04
3.889530097654987813e-04
3.838193132080348988e-04
3.460715444031534039e-04
3.161753115096872682e-04
3.056059362443204865e-04
2.914127751736850149e-04
2.509471670148520975e-04
2.177291304665563700e-04
2.041399336967990405e-04
1.748476651042110198e-04
1.585406289805022136e-04
1.150551993172787483e-04
1.041838419014728820e-04
6.734201954790855959e-05
4.469335826497967485e-05
1.268325031844017736e-05
1.811892902634311051e-06
