4.966196754093801270e-04
5.959436104912562039e-05
6.842315527862571055e-05
1.236031192130012757e-04
1.390535091146264453e-04
1.854046788195019271e-04
2.008550687211270967e-04
1.854046788195019271e-04
3.001790038030031330e-04
3.023862023603781572e-04
3.134221951472532784e-04
3.288725850488783938e-04
3.708093576390038542e-04
4.635116970487548177e-04
4.304037186881294543e-04
4.966196754093801270e-04
5.297276537700054905e-04
5.010340725241301755e-04
6.069796032781313386e-04
6.003580076060062659e-04
6.290515888518814725e-04
7.261683253763825388e-04
7.151323325895074176e-04
6.886459499010071268e-04
8.144562676713833996e-04
7.372043181632576599e-04
9.402665854417597809e-04
8.939154157368842720e-04
9.976537479335103025e-04
8.828794229500091508e-04
1.074905697441636259e-03
1.066076903212136162e-03
1.160986441179262096e-03
1.143328852720261902e-03
1.169815235408762193e-03
1.244859986359513017e-03
1.286796758949638369e-03
1.350805517113513963e-03
1.405985481047889677e-03
1.489859026228140381e-03
1.529588600260890817e-03
1.609047748326391690e-03
1.604633351211641641e-03
1.752515654555768156e-03
1.847425192522894090e-03
1.920262744916269998e-03
1.858461185309769319e-03
1.948956326162145205e-03
1.973235510293270580e-03
2.043865864129271355e-03
2.174090579014397676e-03
2.485305575604275768e-03
2.480891178489525936e-03
2.578007915014026569e-03
2.489719972719026033e-03
2.781070182292528798e-03
2.860529330358029670e-03
2.962060463997280568e-03
3.127600355800407277e-03
3.171744326947907762e-03
3.385842587013285221e-03
3.560211273045912027e-03
3.602148045636037379e-03
3.690435987931038348e-03
4.085524529701167577e-03
4.184848464783043342e-03
4.531378638290921822e-03
4.604216190684297730e-03
4.882323208913550566e-03
5.180295014159178729e-03
5.409843664126181249e-03
5.685743483798058953e-03
5.910877736650311208e-03
6.272858300059814748e-03
6.623802870682443493e-03
6.932810668714947319e-03
7.696501369566705053e-03
8.020959557500833073e-03
8.559516005500339419e-03
9.356314684712721541e-03
9.671944078417350765e-03
1.067180502490823642e-02
1.133837898923549178e-02
1.236693351697225329e-02
1.342859602306963919e-02
1.464917682529802770e-02
1.662682673270604594e-02
1.919821305204794798e-02
2.256419085204485961e-02
3.233987326265883727e-02
3.266874584770771556e-02
2.278932510489711100e-02
1.959550879237545451e-02
1.685416818411567333e-02
1.522084125165815843e-02
1.395170208116752048e-02
1.303571467985688466e-02
1.221242961795600095e-02
1.174008912667774684e-02
1.081085853402286197e-02
1.066518342923611015e-02
1.003392464182685344e-02
9.579241739007598663e-03
9.563791349105973602e-03
9.268026742417721439e-03
8.888388590549217705e-03
9.188567594352220133e-03
8.822172633827967195e-03
9.089243659270343501e-03
8.866316604975466378e-03
9.312170713565222357e-03
9.607935320253474520e-03
9.863970352908977765e-03
1.040252680090848238e-02
1.076450736431798678e-02
1.204909692471024980e-02
1.326967772693863831e-02
1.492066224785515427e-02
1.851839589637644182e-02
2.841988862476079597e-02
2.812412401807254034e-02
1.845659433676994157e-02
1.483016710700277817e-02
1.266049092510313119e-02
1.144873891710424321e-02
1.047094995618710889e-02
9.290098727991471031e-03
8.722848698746090562e-03
8.204157037762959542e-03
7.597177434484828421e-03
7.010062618223072625e-03
6.639253260584068554e-03
5.829211390027435637e-03
5.672500292453809025e-03
5.401014869896680719e-03
5.080971079077302964e-03
4.816107252192300056e-03
4.749891295471049546e-03
4.562279418094171944e-03
4.304037186881294434e-03
3.957507013373415955e-03
3.873633468193165251e-03
3.798588717242414210e-03
3.582283258619662052e-03
3.487373720652536119e-03
3.222509893767533645e-03
3.001790038030031221e-03
2.823006954882654150e-03
2.842871741899029477e-03
2.624359084718902186e-03
2.540485539538651482e-03
2.390396037637149834e-03
2.366116853506024676e-03
2.251342528522523416e-03
2.041658665571896222e-03
1.867289979539269416e-03
1.834182001178643944e-03
1.814317214162268835e-03
1.690714094949267478e-03
1.549453387277266144e-03
1.474408636326515320e-03
1.412607076720014641e-03
1.346391119998763914e-03
1.249274383474263065e-03
1.187472823867762386e-03
1.160986441179262096e-03
1.061662506097386114e-03
9.513025782286349021e-04
9.557169753433849505e-04
7.592763037370079023e-04
6.489163758682566906e-04
6.511235744256317149e-04
5.429708451142556359e-04
4.590972999340047693e-04
4.370253143602545270e-04
3.730165561963788784e-04
2.825214153440029391e-04
1.589182961310016363e-04
9.932393508187603625e-05
3.090077980325031892e-05
0.000000000000000000e+00
