2.296258329062019464e-04
4.100461301896463328e-05
6.150691952844694653e-05
1.004613018964633532e-04
9.021014864172219999e-05
1.066119938493080533e-04
1.578677601230138330e-04
1.517170681701691330e-04
2.070732957457714065e-04
2.296258329062019464e-04
2.521783700666324862e-04
2.173244490005125462e-04
3.218862121988723662e-04
2.829318298308559866e-04
3.485392106611993998e-04
3.628908252178370333e-04
4.079958995386981130e-04
3.792926704254228460e-04
4.284982060481804466e-04
4.284982060481804466e-04
4.797539723218862263e-04
4.982060481804203265e-04
5.412608918503331729e-04
5.187083546899026601e-04
6.191696565863659320e-04
6.089185033316248195e-04
6.704254228600717118e-04
6.191696565863659320e-04
7.011788826242952664e-04
6.868272680676575787e-04
8.139415684264479384e-04
8.939005638134289852e-04
8.036904151717068259e-04
8.959507944643772728e-04
9.287544848795488981e-04
9.841107124551511445e-04
9.246540235776525398e-04
1.008713480266529945e-03
1.029215786776012387e-03
1.115325474115838079e-03
1.119425935417734438e-03
1.211686314710404885e-03
1.185033316248077905e-03
1.371604305484366978e-03
1.385955920041004666e-03
1.332649923116350490e-03
1.474115838031778538e-03
1.498718605843157338e-03
1.685289595079446411e-03
1.693490517683239344e-03
1.804202972834443837e-03
1.754997437211686237e-03
1.738595592004100370e-03
1.851358277806253259e-03
1.970271655561250685e-03
2.089185033316248111e-03
2.119938493080471449e-03
2.300358790363915985e-03
2.400820092260379148e-03
2.591491542798564796e-03
2.447975397232188786e-03
2.673500768836494131e-03
2.905176832393644229e-03
2.968733982573039300e-03
3.212711430035878907e-03
3.079446437724244010e-03
3.411583803177857706e-03
3.577652485904664337e-03
3.620707329574577183e-03
3.872885699641209507e-03
4.391594054331112058e-03
4.465402357765248242e-03
4.522808815991798993e-03
4.949256791389031532e-03
5.283444387493592756e-03
5.496668375192209459e-03
5.953869810353664901e-03
6.261404407995899146e-03
6.587391081496668521e-03
6.940030753459764008e-03
7.801127626858021802e-03
8.223475140953357548e-03
9.100973859559199908e-03
9.796002050230651070e-03
1.095233213736545447e-02
1.207380830343413557e-02
1.367093798052280811e-02
1.600615069195284595e-02
1.941363403382880687e-02
2.821732444900051234e-02
2.814761660686827122e-02
1.957150179395181905e-02
1.640594566888774891e-02
1.424295233213736592e-02
1.315017939518195803e-02
1.192414146591491524e-02
1.126806765761148056e-02
1.048487954894925661e-02
1.003382880574064592e-02
9.619682214249103760e-03
9.511019989748846146e-03
9.174782162993336959e-03
8.879548949256792223e-03
8.963608405945669086e-03
8.895950794464377656e-03
8.996412096360839952e-03
8.727831881086622196e-03
9.205535622757559863e-03
9.414659149154279774e-03
9.506919528446950221e-03
1.031471040492055319e-02
1.059354177344951249e-02
1.094413121476166088e-02
1.198769861609431074e-02
1.261711942593541844e-02
1.429830855971296784e-02
1.562685802152742262e-02
1.816094310609943710e-02
2.109277293695540831e-02
3.143003587903639429e-02
3.131112250128139513e-02
2.217119425935417873e-02
1.811993849308047091e-02
1.564736032803690571e-02
1.418349564325986634e-02
1.319733470015376810e-02
1.194464377242439833e-02
1.113890312660174332e-02
1.062224500256278917e-02
9.677088672475653644e-03
9.023065094823166932e-03
8.537160430548437415e-03
8.442849820604817271e-03
7.585853408508457137e-03
7.122501281394156940e-03
6.964633521271143025e-03
6.757560225525371944e-03
6.173244490005125491e-03
6.003075345976422068e-03
5.781650435674013516e-03
5.527421834956432363e-03
5.123526396719630879e-03
5.035366478728857224e-03
4.824192721681189351e-03
4.678626345463864945e-03
4.508457201435161522e-03
4.346488980010250816e-03
4.034853921066119779e-03
3.938493080471553408e-03
3.799077396207073323e-03
3.577652485904664337e-03
3.315222962583290467e-03
3.483341875961045494e-03
3.220912352639672058e-03
3.063044592516658143e-03
2.923628908252178492e-03
2.837519220912352799e-03
2.622245002562788134e-03
2.417221937467965015e-03
2.566888774987186213e-03
2.292157867760122834e-03
2.199897488467452387e-03
2.070732957457713849e-03
2.025627883136853040e-03
1.779600205023065037e-03
1.724243977447462899e-03
1.613531522296258406e-03
1.383905689390056487e-03
1.433111225012813870e-03
1.301896463352127152e-03
1.113275243464889900e-03
1.000512557662737011e-03
9.533572526909276984e-04
8.569964120963608932e-04
6.642747309072270659e-04
5.248590466427473060e-04
4.551512045105074260e-04
3.198359815479241328e-04
1.742696053305996999e-04
6.765761148129164661e-05
0.000000000000000000e+00
