3.913094518624155981e-04
5.000065218241977268e-05
5.652247638012669660e-05
1.173928355587246849e-04
9.565342156636825370e-05
1.608716635434375201e-04
1.630456049426731659e-04
2.347856711174493697e-04
2.021765501289147365e-04
2.913081474975760528e-04
3.021778544937542819e-04
3.304390926838176234e-04
3.847876276647086606e-04
3.347869754822889151e-04
4.739192250333699769e-04
4.760931664326056227e-04
4.826149906303125602e-04
4.543537524402492186e-04
5.347895842119680058e-04
6.173993573829224387e-04
6.000078261890372721e-04
6.173993573829224387e-04
6.521824197706926635e-04
7.326182515424114507e-04
7.674013139301816755e-04
7.174006617477619299e-04
8.043583177171876545e-04
8.260977317095440043e-04
9.326208602720905414e-04
8.804462666904350416e-04
9.195772118766766664e-04
1.023926399039987558e-03
1.130449527602533878e-03
1.065231285625464720e-03
1.106536172210941882e-03
1.197841710978838790e-03
1.219581124971195248e-03
1.184798062583424915e-03
1.328278194932977323e-03
1.378278847115397068e-03
1.500019565472593018e-03
1.315234546537563448e-03
1.586977221442018851e-03
1.582629338643547559e-03
1.691326408605329634e-03
1.713065822597686092e-03
1.771762240377048421e-03
1.954373317912842453e-03
1.823936833958703704e-03
2.008721852893733274e-03
2.043504915281503607e-03
2.139158336847872023e-03
2.291334234794367014e-03
2.395683421957677580e-03
2.491336843524045996e-03
2.528293847311052084e-03
2.734818280238437895e-03
2.741340104436144724e-03
3.089170728313847623e-03
3.245694509058813688e-03
3.108736200906968544e-03
3.315260633834354355e-03
3.476132297377791929e-03
3.595699074335752341e-03
3.778310151871546157e-03
4.115271068753070284e-03
4.243533611307973713e-03
4.465275634030009370e-03
4.723974660539050248e-03
5.073979225815989334e-03
5.243546654956368624e-03
5.532680861054709194e-03
5.832684774149227667e-03
6.073992269464384246e-03
6.421822893342086710e-03
6.676174037052656947e-03
7.171832676078383761e-03
7.691404670495702138e-03
8.228368196106906549e-03
8.669678300151740374e-03
9.334904368317848214e-03
9.963173432696948231e-03
1.064579103205694037e-02
1.170450049348469718e-02
1.262190376396213863e-02
1.409148814984543217e-02
1.622847254529406757e-02
1.835241329234729019e-02
2.207854885063718214e-02
3.194824280316699988e-02
3.205259199033030915e-02
2.229159510776227565e-02
1.865024326404257290e-02
1.638717026743827243e-02
1.440670965273460093e-02
1.334147836710913686e-02
1.278929725170328303e-02
1.172841384887629047e-02
1.121536367865667849e-02
1.069796562563859500e-02
1.021317669360904783e-02
9.976217081092362757e-03
9.569690039435297529e-03
9.337078309717083968e-03
9.132727818188933477e-03
9.221859415557594197e-03
9.213163649960651180e-03
8.865333026082949583e-03
9.306643130127783409e-03
9.219685474158358443e-03
9.641430105610073950e-03
9.856650304134401477e-03
9.628386457214659425e-03
1.040883141954025530e-02
1.155232459553820305e-02
1.238277021004621781e-02
1.391757283790658224e-02
1.608934029574298624e-02
1.929155597681708745e-02
2.934820888968116964e-02
2.915907598794766770e-02
1.888937681795849546e-02
1.526541650543267875e-02
1.382626729913868403e-02
1.228929072987908558e-02
1.089144641017056672e-02
9.826215124545102653e-03
8.954464623451610303e-03
8.613155823771614233e-03
7.930538224411622095e-03
7.313138867028699981e-03
6.852263290390744367e-03
6.506606607912276789e-03
6.123992921646803991e-03
5.878337543533176772e-03
5.558768157845537378e-03
5.291373365739553483e-03
5.076153167215224221e-03
4.600060000782619195e-03
4.493536872220072441e-03
4.419622864646060266e-03
4.130488658547720564e-03
3.973964877802754064e-03
3.767440444875367819e-03
3.500045652769383925e-03
3.467436531780849346e-03
3.093518611112318697e-03
3.265259981651934609e-03
3.045691900329134706e-03
2.791340756618564470e-03
2.715252807645316974e-03
2.680469745257546641e-03
2.569598733896529246e-03
2.404379187554620163e-03
2.143506219646343098e-03
2.121766805653986857e-03
2.065244329273860282e-03
2.006547911494497953e-03
1.821762892559468166e-03
1.817415009760996875e-03
1.634803932225202842e-03
1.554368100453484272e-03
1.493497741274886189e-03
1.428279499297817031e-03
1.289147249746735915e-03
1.250016304560494290e-03
1.119579820606355757e-03
1.076100992621642841e-03
9.695778640590964120e-04
9.087075048804984373e-04
7.869667865233024879e-04
7.347921929416470965e-04
5.826162949951521055e-04
5.130501702196115475e-04
4.456579868433066353e-04
4.130488658547720022e-04
2.956560302960473444e-04
1.956547259312077991e-04
1.065231285625464693e-04
3.260912098853463318e-05
0.000000000000000000e+00
