2.972380218385021057e-04
4.883196073061106041e-05
7.855576291446126963e-05
9.341766400638637762e-05
1.188952087354008369e-04
1.656040407385940257e-04
1.932047141950263497e-04
2.080666152869514577e-04
2.229285163788765657e-04
2.696373483820697545e-04
2.547754472901446465e-04
3.078536654755914298e-04
3.014842792933378353e-04
3.503162400239488890e-04
4.352413891206637531e-04
3.906556858448884833e-04
4.394876465754995369e-04
4.246257454835744290e-04
4.840733498512748067e-04
5.796141425850790492e-04
5.626291127657361306e-04
5.647522414931539954e-04
6.305692320431080218e-04
5.732447564028254547e-04
7.006324800478977780e-04
7.558338269607624803e-04
7.855576291446126963e-04
7.579569556881803451e-04
8.237739462381343716e-04
8.810984218784169387e-04
8.471283622397309931e-04
9.511616698832066948e-04
9.086990953348492899e-04
1.025471175342832289e-03
1.002116759341235668e-03
1.114642581894382829e-03
1.097657552075039910e-03
1.095534423347621937e-03
1.167720800079829558e-03
1.331201712091005691e-03
1.375787415366781178e-03
1.335447969545841638e-03
1.301477909907155584e-03
1.405511217550631286e-03
1.537145198650539338e-03
1.513790782648942717e-03
1.647547892476268743e-03
1.666656051023029635e-03
1.804659418305191174e-03
1.823767576851952066e-03
1.957524686679278092e-03
2.010602904864725038e-03
2.089158667779185928e-03
2.133744371054961415e-03
2.263255223427451494e-03
2.382150432162852358e-03
2.484060611078910304e-03
2.518030670717596141e-03
2.706989127457786869e-03
2.876839425651216489e-03
2.811022435101262571e-03
3.006350278023707003e-03
3.208047507128404703e-03
3.386390320231505782e-03
3.543501846060428430e-03
3.912926244631137994e-03
3.700613371889351078e-03
4.210164266469640371e-03
4.388507079572741450e-03
4.411861495574338071e-03
4.878949815606269634e-03
4.949013063611059499e-03
5.242004827994726363e-03
5.382131324004306092e-03
5.912913505858773816e-03
6.103995091326382301e-03
6.675116719001789566e-03
7.091249949575692373e-03
7.462797476873820127e-03
8.048781005641153855e-03
8.568947543858531496e-03
9.475523510465962487e-03
1.018252537669611484e-02
1.103814625384551620e-02
1.224408337101886776e-02
1.362199391511306756e-02
1.487251673556219331e-02
1.699989172043490232e-02
2.076207582541936963e-02
3.038197208934974997e-02
3.047751288208355377e-02
2.111663832289815620e-02
1.736294673282335818e-02
1.559438050288427038e-02
1.415702235442237167e-02
1.312942805035212032e-02
1.215491196446731766e-02
1.127805980004373612e-02
1.062838240945386710e-02
1.025471175342832289e-02
1.005513765305104251e-02
9.611403749020707571e-03
9.467030995556291462e-03
9.316288855909623384e-03
9.112468498077506626e-03
8.904401882790555223e-03
9.110345369350089303e-03
9.031789606435627546e-03
9.154931072625865224e-03
9.365120816640233950e-03
9.515862956286902027e-03
1.018464850542353216e-02
1.052434910181039227e-02
1.122710471058570823e-02
1.208060245900769228e-02
1.301690222779897446e-02
1.458801748608819920e-02
1.705296993862034927e-02
2.002535015700536783e-02
3.014842792933378202e-02
3.043080405008035880e-02
1.999350322609410105e-02
1.669840744114156270e-02
1.448823043589955901e-02
1.286403695942488733e-02
1.201690859718515525e-02
1.105725441239227731e-02
9.989320662501088161e-03
9.333273885728965436e-03
8.543469999129516684e-03
8.322664611478057875e-03
7.602923972883399856e-03
7.201652643401421777e-03
6.853459532104890645e-03
6.505266420808360379e-03
6.152827052056992867e-03
5.915036634586192006e-03
5.418224512370409252e-03
5.256866729086651091e-03
5.307821818544679847e-03
4.726084547232183367e-03
4.547741734129082287e-03
4.250503712290579911e-03
4.040313968276210317e-03
4.101884701371329156e-03
3.743075946437708374e-03
3.683628342070008159e-03
3.518024301331414052e-03
3.501039271512071133e-03
3.239894438039672784e-03
3.093398555847839786e-03
2.915055742744738273e-03
2.653910909272339923e-03
2.719727899822294275e-03
2.588093918722386005e-03
2.418243620528956386e-03
2.367288531070927196e-03
2.350303501251584277e-03
2.165591301966229495e-03
2.076419895414678956e-03
1.946909043042188659e-03
1.823767576851952066e-03
1.779181873576176796e-03
1.522283297558614176e-03
1.439481277189317340e-03
1.462835693190913961e-03
1.218675889537858530e-03
1.150735770260486639e-03
1.029717432797668019e-03
1.036086818979921505e-03
8.513746196945667227e-04
7.919270153268662907e-04
7.367256684140015884e-04
6.348154894979437515e-04
5.753678851302433195e-04
4.267488742109922938e-04
3.227155665675165378e-04
2.144360014692050793e-04
1.422496247369974313e-04
4.246257454835743883e-05
2.123128727417872026e-06
