4.042331829055751161e-04
3.755171644478019771e-05
8.173020637981573519e-05
1.082373003408370536e-04
1.767139597401421228e-04
1.855496577271492154e-04
1.811318087336456827e-04
2.650709396102131571e-04
2.739066375972202768e-04
2.606530906167096244e-04
3.048315805517451686e-04
3.843528624348091375e-04
4.174867298860857685e-04
3.976064094153197899e-04
3.865617869315608767e-04
4.771276912983837045e-04
5.213061812334192488e-04
4.992169362659015308e-04
6.229167080840009897e-04
6.450059530515187076e-04
5.986185386197314783e-04
6.538416510385258815e-04
6.958112164768096323e-04
7.377807819150933831e-04
7.974217433273913733e-04
7.201093859410791437e-04
8.769430252104552879e-04
8.857787231974623534e-04
9.189125906487390387e-04
9.520464581000157240e-04
1.091208701395377520e-03
1.022732041996072573e-03
1.111089021866143662e-03
1.201654926232966327e-03
1.212699548716725294e-03
1.373951036979604917e-03
1.349652867515335405e-03
1.307683302077051763e-03
1.259086963148512523e-03
1.398249206443874645e-03
1.497650808797704484e-03
1.568336392693761442e-03
1.672155844041094868e-03
1.674364768537846661e-03
1.791437766865690848e-03
1.853287652774740415e-03
1.859914426264995795e-03
1.930600010161052753e-03
2.054299781979152320e-03
2.200088798764769388e-03
2.158119233326485746e-03
2.208924496751776562e-03
2.330415344073124336e-03
2.443070493407464936e-03
2.646291547108628201e-03
2.807543035371507824e-03
3.019599787059678696e-03
2.971003448131139240e-03
3.169806652838799352e-03
3.220611916264090168e-03
3.317804594121168214e-03
3.545323817286601207e-03
3.713202079039736210e-03
3.847946473341594745e-03
4.132897733422573501e-03
4.208001166312134479e-03
4.512832746863879377e-03
4.632114669688475357e-03
5.120286983470618246e-03
5.184345793876419389e-03
5.427327488519114937e-03
5.818307124444179780e-03
6.266718797284790386e-03
6.310897287219825388e-03
6.922769372820067844e-03
7.282824065790607579e-03
7.386643517137941005e-03
7.925621094345374276e-03
8.685491121227986028e-03
9.292945357834724029e-03
9.697178540740298766e-03
1.064922499884031482e-02
1.107775635121015928e-02
1.219768107106330990e-02
1.340817169528328405e-02
1.508916323731138501e-02
1.618478978770026763e-02
1.909836119891586068e-02
2.286457746587763906e-02
3.298366058549753038e-02
3.316479239423117398e-02
2.292421842728993575e-02
1.910277904790936426e-02
1.655809802765131553e-02
1.545142685477867740e-02
1.404434195034779537e-02
1.335073965836773742e-02
1.226836665495936729e-02
1.176914971869346543e-02
1.085465497703822987e-02
1.041287007768787465e-02
1.044158609614564796e-02
9.661835748792270070e-03
9.518255656503405229e-03
9.266438263873702508e-03
9.429898676633333490e-03
9.030083342721262341e-03
8.842324760497361630e-03
8.994740550773233645e-03
9.122858171584837667e-03
9.429898676633333490e-03
9.714849936714313114e-03
9.694969616243546973e-03
9.997592272298540944e-03
1.075967122367790275e-02
1.166753919184288293e-02
1.313647398218281519e-02
1.477107810977913022e-02
1.829873053109171838e-02
2.795173058189697954e-02
2.772862920772505013e-02
1.763826210656293386e-02
1.459657307453573853e-02
1.306357947379000600e-02
1.150849662807675554e-02
1.036648266325608699e-02
9.407809431665815555e-03
8.561791349409885593e-03
7.994097753744679874e-03
7.322584706732138994e-03
7.152497520482252631e-03
6.434597059037924956e-03
6.233584929833513484e-03
5.866903463372718369e-03
5.429536413015866730e-03
5.281538471733497435e-03
4.793366157951355414e-03
4.881723137821426285e-03
4.610025424720957422e-03
4.241135033763410514e-03
4.172658374364105784e-03
3.737500248504005938e-03
3.699948532059225883e-03
3.454757912919778542e-03
3.350938461572445116e-03
3.154344181361536797e-03
3.099121068942742394e-03
2.887064317254571955e-03
2.831841204835777552e-03
2.694887886037167224e-03
2.551307793748301949e-03
2.401100927969181294e-03
2.284027929641337107e-03
2.224386968229039117e-03
1.974778500096088189e-03
1.897466142709776067e-03
1.813527011833208566e-03
1.787019917872187261e-03
1.771557446394924707e-03
1.517531129268470409e-03
1.497650808797704484e-03
1.466725865843179592e-03
1.331981471541321274e-03
1.261295887645264317e-03
1.239206642677746599e-03
1.146431813814171924e-03
1.073537305421363389e-03
9.520464581000157240e-04
8.924054966877177338e-04
7.576611023858593075e-04
7.024379899670649043e-04
6.693041225157883274e-04
5.345597282139299012e-04
4.594562953243695193e-04
3.931885604218162029e-04
3.644725419640431046e-04
2.451906191394471785e-04
1.811318087336456827e-04
9.277482886357460770e-05
2.871601845777309496e-05
0.000000000000000000e+00
