3.493908446577922641e-04
4.991297780825604160e-05
9.114543773681537796e-05
7.595453144734614379e-05
1.150168619059813174e-04
1.280376387255263617e-04
2.235233354021900923e-04
2.495648890412801809e-04
2.408843711615835028e-04
2.430545006315076655e-04
2.864570900299911647e-04
3.645817509472615119e-04
3.710921393570340543e-04
3.971336929961241701e-04
4.144947287555175806e-04
4.275155055750626113e-04
4.578973181540010526e-04
5.251713317216505318e-04
5.772544389998307632e-04
5.815946979396790888e-04
5.338518496013471828e-04
6.618894883268735445e-04
6.336778052178593202e-04
7.638855734133098447e-04
7.552050555336130852e-04
7.161427250749779387e-04
8.181388101614142389e-04
7.899271270523999062e-04
8.289894575110351611e-04
9.244751541876988646e-04
8.789024353192911214e-04
9.483465783568647634e-04
1.009110203514741646e-03
1.065533569732770311e-03
1.063363440262846040e-03
1.260845222025946044e-03
1.167529654819206503e-03
1.297737423014657136e-03
1.503899722657453791e-03
1.369351695522154832e-03
1.408414025980789979e-03
1.447476356439425125e-03
1.584194513044648138e-03
1.592875030924345006e-03
1.679680209721311950e-03
1.699211374950629523e-03
1.703551633890477849e-03
1.818568495796459234e-03
1.924904839822743751e-03
2.087664550067056934e-03
2.092004809006905476e-03
2.191830764623417614e-03
2.269955425540687906e-03
2.298167108649701914e-03
2.356760604337654851e-03
2.558582645040603180e-03
2.656238471187190829e-03
2.845039735070594399e-03
2.884102065529229545e-03
3.098944883051723068e-03
3.231322780717097755e-03
3.226982521777249212e-03
3.305107182694519505e-03
3.732622688269582063e-03
3.726112299859809466e-03
4.027760296179270366e-03
4.027760296179270366e-03
4.474806966983649846e-03
4.641906936167812005e-03
4.887131566269243589e-03
5.286435388735292139e-03
5.501278206257785228e-03
5.774714519468231687e-03
5.818117108866715376e-03
6.345458570058289637e-03
6.753442910404034404e-03
7.354568773573031716e-03
7.569411591095524805e-03
7.964375154621724379e-03
8.522098428392237135e-03
8.891020438279348057e-03
1.024735135698195791e-02
1.055116948277134287e-02
1.159934201674471879e-02
1.272346908216544226e-02
1.445740252863485752e-02
1.608065937213814037e-02
1.853073554368253606e-02
2.213749072269651647e-02
3.160576559997569507e-02
3.159491495262607696e-02
2.232412185710999641e-02
1.879332120954336008e-02
1.655374759658161110e-02
1.504116735604446239e-02
1.357632996384564375e-02
1.228727305871068348e-02
1.181418483426721275e-02
1.133675635088389304e-02
1.050125650496308571e-02
1.013884488348574912e-02
9.615843681234022972e-03
9.654906011692656817e-03
9.700478730561064994e-03
8.877999661459802863e-03
9.266452836576229840e-03
8.741281504854580067e-03
9.210029470358201825e-03
9.227390506117594260e-03
9.036419112764267070e-03
9.563760573955842198e-03
1.009327216461734095e-02
1.043398249139543613e-02
1.063146427315853591e-02
1.168831732501160979e-02
1.240663017955651211e-02
1.364360397741329334e-02
1.575948021058936471e-02
1.922300684458834799e-02
2.879327780695396452e-02
2.900161023606668415e-02
1.863707188770882123e-02
1.561842179504429294e-02
1.378032213401851613e-02
1.200515622762053994e-02
1.071392919301565605e-02
1.004986957521885813e-02
9.244751541876988429e-03
8.860638625700408694e-03
8.307255610869744913e-03
7.545540166926358906e-03
7.322016831524168733e-03
6.872800031249864765e-03
6.384520900516925217e-03
5.920113193953151567e-03
5.544680795656268917e-03
5.438344451629984616e-03
5.136696455310524149e-03
4.765604315953489607e-03
4.598504346769328316e-03
4.348939457728047756e-03
3.999548613070255491e-03
3.743473335619203202e-03
3.836788902825942742e-03
3.613265567423752569e-03
3.331148736333609459e-03
3.272555240645656956e-03
3.055542293653239379e-03
3.018650092664528287e-03
2.892782583408926196e-03
2.838529346660821802e-03
2.573773551330072427e-03
2.504329408292498785e-03
2.515180055642119491e-03
2.278635943420384558e-03
2.050772349078345842e-03
2.105025585826450236e-03
2.011710018619710695e-03
1.825078884206231830e-03
1.614576325623586633e-03
1.560323088875482239e-03
1.616746455093510905e-03
1.616746455093510905e-03
1.410584155450714250e-03
1.286886775665036214e-03
1.204421855807917595e-03
1.121956935950798760e-03
9.830686498756514759e-04
9.440063194170164379e-04
9.006037300185328574e-04
8.116284217516417506e-04
7.204829840148263727e-04
6.662297472667219785e-04
5.772544389998307632e-04
4.709180949735461376e-04
4.014739519359724956e-04
2.669259248006735914e-04
1.953116522931758138e-04
1.432285450149955823e-04
3.472207151878681420e-05
4.340258939848351775e-06
