3.384843711350943437e-04
4.990474702632801204e-05
5.424429024600870285e-05
9.330017922313496755e-05
1.236769817608998439e-04
1.518840126888243815e-04
2.039585313249927254e-04
1.909399016659506395e-04
2.538632783513207307e-04
2.603725931808417737e-04
2.907493957186066771e-04
3.167866550366908490e-04
3.471634575744556982e-04
4.122566058696661823e-04
3.623518588433381499e-04
4.534822664566327518e-04
4.708404393353555692e-04
4.621613528959941605e-04
5.424429024600870963e-04
6.031965075356167947e-04
5.728197049978518912e-04
6.270639952438606009e-04
5.880081062667343430e-04
6.856478287095500420e-04
7.203641744669955684e-04
7.789480079326850095e-04
8.353620697885340849e-04
7.984759524212481927e-04
8.613993291066182568e-04
8.809272735951813316e-04
9.785669960379970306e-04
1.000264712136400471e-03
9.785669960379970306e-04
1.013283341795442665e-03
1.100074206189056644e-03
1.126111465507140816e-03
1.139130095166182794e-03
1.230260502779477504e-03
1.362616570979738621e-03
1.369125885809259610e-03
1.377804972248621073e-03
1.427709719274949159e-03
1.471105151471756040e-03
1.666384596357387438e-03
1.618649620940899826e-03
1.805249979387169761e-03
1.826947695485573201e-03
1.855154726413497631e-03
1.813929065826531007e-03
2.037415541640086834e-03
2.145904122132104470e-03
2.143734350522263996e-03
2.304297449650449976e-03
2.308636992870130491e-03
2.508255980975442404e-03
2.558160728001770707e-03
2.588537530539535610e-03
2.818533321182612426e-03
2.851079895330217370e-03
3.089754772412655649e-03
3.211261982563715263e-03
3.432578686767431050e-03
3.369655310082060769e-03
3.736346712145079650e-03
3.847005064246937327e-03
4.126905601916342446e-03
4.274450071385486015e-03
4.389447966707024640e-03
4.619443757350101022e-03
4.819062745455413369e-03
5.049058536098490618e-03
5.346317246646617796e-03
5.730366821588359603e-03
5.695650475830913752e-03
6.452900767665195429e-03
6.572238206206415002e-03
7.129869509935384334e-03
7.477032967509840249e-03
8.277678691540928807e-03
8.737670272827081572e-03
9.173794366404992157e-03
9.774821102330768369e-03
1.087923485173950509e-02
1.174063418084612433e-02
1.324862544968516583e-02
1.426841810631013056e-02
1.571348599846380048e-02
1.817617677563259856e-02
2.188648622845959166e-02
3.246846236965097304e-02
3.249232985735921175e-02
2.184092102465294560e-02
1.830419330061317656e-02
1.622989164160580297e-02
1.484340758291782282e-02
1.412087363684098526e-02
1.291231085015991271e-02
1.210949535451898325e-02
1.107017475340545641e-02
1.051037367806664617e-02
1.010245661541666132e-02
9.809537448088214220e-03
9.714067497255238562e-03
9.412469243487431303e-03
9.082663958791698314e-03
8.989363779568562696e-03
9.097852360060580332e-03
8.828800680440377149e-03
9.264924774018285999e-03
9.228038656651000107e-03
9.343036551972539600e-03
9.560013712956574872e-03
1.021745451073819907e-02
1.081414170344429521e-02
1.167554103255091444e-02
1.257165670741497779e-02
1.361748662335802475e-02
1.525349441717764772e-02
1.874465693741076897e-02
2.968464539422580387e-02
2.919427701040188533e-02
1.895078524034560230e-02
1.516236400956435387e-02
1.355673301828249494e-02
1.209647672485994127e-02
1.129583100082885358e-02
1.009594730058713946e-02
9.071815100742496377e-03
8.512014025403686138e-03
7.772121906448127386e-03
7.409770047604789453e-03
7.244867405256922958e-03
6.947608694708794913e-03
6.335733100733816764e-03
5.864892661398461195e-03
5.593671210168417972e-03
5.324619530548214789e-03
5.103302826344498569e-03
4.712743936573236640e-03
4.753969597160202613e-03
4.309166417142931867e-03
4.142094003185224464e-03
4.005398391765282833e-03
3.888230724833904167e-03
3.714648996046676210e-03
3.341448279154136339e-03
3.159187463927546919e-03
3.222110840612917200e-03
3.100603630461857586e-03
2.859758981769578833e-03
2.608065475028098577e-03
2.521274610634484815e-03
2.608065475028098577e-03
2.451841919119593545e-03
2.280429961942206062e-03
2.180620467889549888e-03
2.046094628079448297e-03
1.883361757341422277e-03
1.952794448856313330e-03
1.711949800164034793e-03
1.742326602701799697e-03
1.605630991281857631e-03
1.386484058687982536e-03
1.516670355278403395e-03
1.375635200638780815e-03
1.169506897703947697e-03
1.082716033310333718e-03
1.076206718480812730e-03
9.438506502805515041e-04
9.286622490116690524e-04
7.789480079326850095e-04
6.921571435390710307e-04
6.682896558308272245e-04
5.250847295813642788e-04
5.055567850928010957e-04
4.079170626499854508e-04
3.146168834268504833e-04
2.191469325938751771e-04
1.128281237116981101e-04
4.122566058696661688e-05
2.169771609840348368e-06
