4.837662194222196546e-04
6.185138878457602685e-05
8.835912683510861753e-05
9.719503951861947657e-05
1.369566465944183423e-04
1.899721226954835236e-04
1.634643846449509465e-04
2.032259917207498122e-04
2.783312495305921412e-04
3.423916164860459099e-04
3.733173108783338894e-04
3.468095728278013123e-04
3.600634418530676280e-04
4.219148306376436413e-04
4.528405250299316750e-04
5.235278264980185474e-04
5.235278264980185474e-04
5.235278264980185474e-04
5.478265863776733691e-04
5.654984117446950872e-04
6.759473202885809065e-04
5.920061497952277185e-04
6.472306040671705740e-04
7.908141851742221283e-04
7.355897309022792728e-04
7.598884907819340945e-04
8.040680541994884439e-04
9.012630937181078392e-04
9.586965261609285043e-04
9.343977662812735742e-04
9.410247007939067862e-04
1.161922517881678208e-03
1.117742954464123967e-03
1.115533976293246266e-03
1.206102081299232666e-03
1.155295583369045104e-03
1.358521575089794917e-03
1.457925592779292122e-03
1.318759968013996078e-03
1.508732090709479683e-03
1.475597418146313948e-03
1.486642309000702454e-03
1.720793995113740300e-03
1.630225890107753900e-03
1.749510711335150633e-03
1.751719689506028334e-03
1.946109768543267341e-03
1.943900790372389640e-03
2.014588091840476512e-03
2.299546275883701703e-03
2.326054013934234117e-03
2.403368249914954527e-03
2.328262992105111819e-03
2.584504459926926893e-03
2.697162346641690522e-03
2.853999796774008176e-03
2.792148407989432108e-03
3.010837246906326262e-03
3.132331046304600262e-03
3.222899151310586879e-03
3.468095728278013015e-03
3.534365073404344484e-03
3.635978069264719607e-03
3.863502820865124133e-03
3.867920777206879535e-03
4.274372760648379593e-03
4.607928464450914210e-03
4.780228761779375772e-03
4.892886648494139401e-03
5.356772064378460124e-03
5.487101776460245363e-03
5.632894335738174510e-03
5.895762738072622688e-03
6.324304503222899325e-03
6.538575385798037209e-03
7.128372557422387769e-03
7.603302864161096131e-03
8.000918934919085818e-03
8.727672753137852985e-03
9.131915758408475775e-03
1.000888009224692836e-02
1.053019894057406931e-02
1.100733822548365624e-02
1.214717096165655701e-02
1.313458420403889639e-02
1.450856862632483521e-02
1.680811490220853605e-02
1.911428811260486998e-02
2.325833116117146521e-02
3.311479175962783045e-02
3.308165708706466840e-02
2.343504941484168130e-02
1.939703731847721921e-02
1.723002973284618045e-02
1.494594630415862178e-02
1.375309809188465619e-02
1.317876376745645041e-02
1.186663073395508722e-02
1.160818028796239444e-02
1.104930881073033257e-02
1.047497448630212678e-02
1.005305965566448238e-02
9.759265558937746388e-03
9.578129348925773154e-03
9.176095321826029799e-03
8.972869330105279553e-03
9.107616998528821062e-03
9.078900282307410946e-03
8.811613923631207365e-03
9.036929697060732888e-03
9.379321313546780045e-03
9.522904894653830624e-03
1.013037389164520193e-02
1.023861382201821102e-02
1.111116019951490820e-02
1.176501773809471296e-02
1.320527150550698282e-02
1.495036426050037719e-02
1.797887333277372462e-02
2.780440823683780205e-02
2.847814657895550786e-02
1.809594917583024279e-02
1.435394015436339439e-02
1.308377770610870752e-02
1.120614626086264935e-02
1.053461689691582472e-02
9.100990064016187958e-03
8.756389469359263100e-03
7.711542794534104357e-03
7.353688330851914159e-03
6.825742548012140969e-03
6.322095525052021624e-03
6.264662092609200525e-03
6.059227122717573445e-03
5.420832431333913459e-03
5.303756588277394428e-03
5.005544535208903030e-03
4.808945478000786755e-03
4.521778315786682996e-03
4.203685459180292287e-03
4.013713336484809116e-03
3.768516759517382547e-03
3.772934715859137950e-03
3.452632881081869106e-03
3.209645282285320672e-03
3.468095728278013015e-03
3.015255203248081665e-03
2.933523010925605853e-03
2.953403814463505597e-03
2.591131394439559997e-03
2.363606642839155472e-03
2.352561751984766966e-03
2.337098904788623057e-03
2.297337297712824002e-03
1.935064877688878618e-03
1.875422467075180469e-03
1.848914729024647837e-03
1.720793995113740300e-03
1.700913191575840772e-03
1.621389977424243095e-03
1.497687199855090960e-03
1.482224352658947052e-03
1.382820334969449847e-03
1.237027775691520700e-03
1.093444194584469037e-03
1.020547914945504463e-03
1.075772369217447427e-03
9.829952860405833260e-04
9.277708317686404705e-04
7.930231633450998295e-04
7.576795126110563933e-04
6.273498005292711547e-04
4.970200884474859160e-04
4.086609616123773256e-04
4.152878961250104834e-04
3.203018347772687352e-04
2.805402277014698424e-04
1.656733628158286477e-04
1.016129958603749061e-04
2.429875987965486914e-05
2.208978170877715184e-06
