2.854877733186002493e-04
4.107737745591370630e-05
6.161606618387055945e-05
8.626249265741877509e-05
1.129627880037626855e-04
1.109089191309670043e-04
1.417169522229022908e-04
1.807404608060203023e-04
1.725249853148375502e-04
2.361949203715037909e-04
2.485181336082779055e-04
2.875416421913959170e-04
3.162958064105355358e-04
2.793261667002131920e-04
2.875416421913959170e-04
3.491577083752664900e-04
3.861273480855888338e-04
4.436356765238680172e-04
4.539050208878464099e-04
3.696963971032233296e-04
4.682821029974162464e-04
4.600666275062334672e-04
5.237365625628997079e-04
6.058913174747271747e-04
5.360597757996738225e-04
6.592919081674149685e-04
6.613457770402106362e-04
6.572380392946193008e-04
7.722546961711776676e-04
7.270695809696725445e-04
8.112782047542956790e-04
8.112782047542956790e-04
8.708404020653705844e-04
8.811097464293489228e-04
9.180793861396712666e-04
9.057561729028971520e-04
9.221871238852627104e-04
9.858570589419289511e-04
1.111143060182465765e-03
1.164543650875153559e-03
1.189190077348701788e-03
1.201513290585475794e-03
1.205621028331067129e-03
1.312422209716442934e-03
1.238482930295798246e-03
1.306260603098055714e-03
1.425384997720205525e-03
1.499324277140850212e-03
1.653364442600526590e-03
1.608179327399021467e-03
1.528078441359989777e-03
1.889559362972030327e-03
1.889559362972030327e-03
1.942959953664718338e-03
2.162723923053856516e-03
2.121646545597942728e-03
2.181208742909017742e-03
2.322925695131919897e-03
2.341410514987081123e-03
2.628952157178477203e-03
2.585820910849767531e-03
2.735753338563852791e-03
2.961678914571377972e-03
2.813800355730088597e-03
3.177335146214925032e-03
3.345752393784171084e-03
3.331375311674601627e-03
3.544977674445352802e-03
3.748310692852125422e-03
4.048175548280295508e-03
4.196054107121585316e-03
4.461003191712228401e-03
4.756760309394807151e-03
4.900531130490505191e-03
5.243527232247384082e-03
5.333897462650394328e-03
5.894603664923617030e-03
6.147229536277485674e-03
6.847598821900814647e-03
7.009854462851673913e-03
7.882748733789839840e-03
8.314061197076933959e-03
9.380019142057894818e-03
9.926348262221546329e-03
1.097792912509293686e-02
1.207469510316583339e-02
1.415321040243506731e-02
1.572031235237817542e-02
1.932485222413460324e-02
2.874800261252120556e-02
2.894928176205518316e-02
1.942549179890159031e-02
1.617627124213881842e-02
1.467694696499796669e-02
1.295169711184959022e-02
1.178920732984723406e-02
1.105392227338637852e-02
1.051580862871390881e-02
1.011119646077315859e-02
9.390288486421873373e-03
9.447796814860151202e-03
8.733050447127252772e-03
8.936383465534027126e-03
8.702242414035318840e-03
9.016484351573058817e-03
8.973353105244349578e-03
8.745373660364028079e-03
9.166416779287143643e-03
9.470389372460905064e-03
9.930455999967138098e-03
9.963317901931868781e-03
1.087318181258035803e-02
1.107446096211433563e-02
1.167419067297067493e-02
1.281408789737228070e-02
1.376913692322227420e-02
1.559297248226484273e-02
1.775980414306429014e-02
2.147525293395168358e-02
3.137900863857247952e-02
3.111200568510904055e-02
2.217356835070221840e-02
1.822192463944331819e-02
1.583738287812752957e-02
1.441199788040732274e-02
1.287159622581055853e-02
1.173580673915454627e-02
1.093685174763702438e-02
1.037819941423659756e-02
9.587459898210259207e-03
9.102746844230477294e-03
8.435239460571879871e-03
8.118943654161343143e-03
7.981334439684033624e-03
7.494567516831455826e-03
7.067362791289952609e-03
6.716151214041891047e-03
6.106152158821572321e-03
6.104098289948776436e-03
5.822718254375768010e-03
5.494099234728457709e-03
5.426321561926200458e-03
4.988847492020719553e-03
4.738275489539645925e-03
4.627366570408678569e-03
4.175515418393628206e-03
4.050229417153091392e-03
4.109791614464165972e-03
4.021475252933951611e-03
3.682586888922663622e-03
3.495684821498256344e-03
3.555247018809330924e-03
3.175281277342129581e-03
3.121880686649441353e-03
3.107503604539871896e-03
2.978109865553743747e-03
2.676191141252777777e-03
2.579659304231380745e-03
2.470804253973209273e-03
2.444103958626865376e-03
2.183262611781813193e-03
2.244878677965684091e-03
2.055922741668480928e-03
2.080569168142028941e-03
1.803296870314611633e-03
1.745788541876332504e-03
1.573263556561494900e-03
1.454139161939345089e-03
1.359661193790743725e-03
1.203567159458271462e-03
1.183028470730314785e-03
1.014611223161068516e-03
8.749481398109619197e-04
8.297630246094567967e-04
6.017835797291357309e-04
5.627600711460177194e-04
3.738041348488147192e-04
3.738041348488147192e-04
2.012791495339771419e-04
6.777767280225761675e-05
0.000000000000000000e+00
