3.167463138382000222e-04
4.251628373667114583e-05
7.652931072600805979e-05
1.041648951548443066e-04
9.141001003384295880e-05
1.445553647046818877e-04
1.764425775071852640e-04
2.274621179911906282e-04
2.125814186833557156e-04
2.125814186833557156e-04
2.678525875410282093e-04
3.231237563987007029e-04
3.209979422118671246e-04
3.507593408275369497e-04
3.443818982670362691e-04
4.102821380588765458e-04
4.017788813115423410e-04
5.208244757742214789e-04
4.740565636638832442e-04
5.144470332137208524e-04
5.059437764663866476e-04
6.037312290607302736e-04
5.845989013792282857e-04
7.334058944575772487e-04
6.653798404789033937e-04
6.951412390945732730e-04
7.780479923810819593e-04
7.291542660839100921e-04
8.715838166017584286e-04
7.822996207547491159e-04
8.864645159095933683e-04
8.907161442832605249e-04
9.098484719647625127e-04
9.991326678117718255e-04
9.778745259434362593e-04
1.041648951548442958e-03
1.056529650856278006e-03
1.154317103450621523e-03
1.133058961582285957e-03
1.262733626979132932e-03
1.313753167463138378e-03
1.394534106562813486e-03
1.388156664002312968e-03
1.477440859849322389e-03
1.519957143585993521e-03
1.641128552235506183e-03
1.683644835972177315e-03
1.702777163653679303e-03
1.879219741160864567e-03
2.013146034931378916e-03
2.032278362612880904e-03
1.981258822128875458e-03
2.034404176799714265e-03
2.204469311746398794e-03
2.329892348769578830e-03
2.327766534582745035e-03
2.431931429737589287e-03
2.591367493750106141e-03
2.765684257070457827e-03
2.759306814509957309e-03
2.835836125235965260e-03
3.267376405163177535e-03
3.229111749800173559e-03
3.437441540109862064e-03
3.554361320385707786e-03
3.735055526266559990e-03
3.849849492355572351e-03
4.019914627302256446e-03
4.289893029030118939e-03
4.542864917263311937e-03
4.681042839407493009e-03
4.978656825564191368e-03
5.255012669852553511e-03
5.537745956701417040e-03
5.960782979881294567e-03
6.081954388530807012e-03
6.787724698559548069e-03
6.862128195098723092e-03
7.808115508239656111e-03
8.243907416540534674e-03
8.779612591622592069e-03
9.189894729681468560e-03
1.022729205285624436e-02
1.117115355181034358e-02
1.195770480093875932e-02
1.298234723899253408e-02
1.529098144589377713e-02
1.738490841992483202e-02
2.136868420605091828e-02
3.069675685787656705e-02
3.085831873607591813e-02
2.150686212819509849e-02
1.751670889950851170e-02
1.567787962789748621e-02
1.377315011649461740e-02
1.303336677947653996e-02
1.215540552031428058e-02
1.142199962585670366e-02
1.068646791721229207e-02
1.047813812690260443e-02
9.989200863930885327e-03
9.485382901651332258e-03
9.540654070509005727e-03
9.359959864628153089e-03
9.381218006496487571e-03
8.902909814458938309e-03
8.679699324841414973e-03
9.034710294042617995e-03
8.964558425877110562e-03
9.538528256322171064e-03
9.838268056665702352e-03
1.009761738745939760e-02
1.065458070440978948e-02
1.140074148398836744e-02
1.187692386183908377e-02
1.279527559055118092e-02
1.455544973724936728e-02
1.637089505280522536e-02
1.973605891056274403e-02
3.004200608833183100e-02
2.979753745684597319e-02
2.040143875104164992e-02
1.639427900886039277e-02
1.443852995697352155e-02
1.317792214418122068e-02
1.161970034523222318e-02
1.075874559956463243e-02
1.007635924559106139e-02
9.578918725872008835e-03
8.794493290930426033e-03
7.980306457373173568e-03
7.563646876753796558e-03
7.438223839730616523e-03
6.898267036274893273e-03
6.394449073995340203e-03
6.067073689222972181e-03
5.561129912756586184e-03
5.274144997534055933e-03
5.524991071580415136e-03
4.742691450825666129e-03
4.778830292001836309e-03
4.719307494770496984e-03
4.355793268821958782e-03
4.187853948062108048e-03
4.217615346677777710e-03
3.698916685090389810e-03
3.805207394432067423e-03
3.611758303430213750e-03
3.188721280250335788e-03
3.154708253260998969e-03
3.027159402050985573e-03
2.886855665719970706e-03
2.854968452917467248e-03
2.553102838387102166e-03
2.578612608629105105e-03
2.412799102056087299e-03
2.240608152922569409e-03
2.147072328701892831e-03
2.134317443580891361e-03
2.055662318668050048e-03
1.908981139776534447e-03
1.721909491335181291e-03
1.694273906906345207e-03
1.675141579224843219e-03
1.481692488222989329e-03
1.326508052584139631e-03
1.360521079573476667e-03
1.218091529055628222e-03
1.011887552932773295e-03
9.778745259434362593e-04
9.332324280199316572e-04
8.588289314807571757e-04
7.185251951497423090e-04
6.887637965340725381e-04
5.123212190268872741e-04
4.357919083008792143e-04
3.465077124538698474e-04
2.359653747385248601e-04
1.232972228363463216e-04
4.676791211033826177e-05
2.125814186833557122e-06
