3.084410749915976317e-04
4.679795620562170790e-05
6.806975448090430857e-05
9.146873258371516591e-05
1.297579694792238268e-04
1.531569475820346977e-04
1.318851493067520902e-04
1.999549037876564123e-04
2.573887591309194172e-04
2.531343994758628903e-04
2.616431187859759441e-04
2.935508161988998146e-04
3.148226144741823949e-04
3.360944127494650295e-04
3.446031320595780291e-04
3.424759522320497927e-04
4.509621234359910392e-04
5.020144392966693079e-04
5.360493165371214147e-04
5.381764963646497053e-04
5.190318779168953071e-04
5.785929130876865754e-04
6.168821499831952633e-04
6.402811280860061342e-04
6.424083079135344248e-04
7.147324220494952196e-04
7.934380756680407777e-04
6.955878036017409298e-04
8.593806503214169177e-04
8.423632117011908100e-04
8.466175713562472827e-04
8.997970670444537878e-04
1.027427856696149378e-03
9.295775846298494219e-04
1.063589913764129884e-03
1.018919137386036433e-03
1.048699654971432067e-03
1.112515049797279700e-03
1.201856602553466602e-03
1.206110962208523183e-03
1.372030988755727461e-03
1.363522269445614299e-03
1.403938686168651386e-03
1.567731532888327374e-03
1.489025879269781708e-03
1.552841274095629557e-03
1.629419747886646933e-03
1.597512050473723008e-03
1.680472063747325039e-03
1.805975673571492447e-03
1.946369542188357456e-03
2.025075195806903122e-03
2.071873152012524647e-03
2.137815726665901004e-03
2.444129621829970074e-03
2.288845494420407248e-03
2.586650670274363590e-03
2.469655779760309561e-03
2.616431187859759224e-03
2.701518380960889545e-03
3.054630232330580574e-03
3.173752302672163111e-03
3.299255912496330736e-03
3.367325666977234733e-03
3.550263132144665119e-03
3.920392422134582472e-03
3.977826277477845666e-03
4.020369874028410610e-03
4.296903251607084480e-03
4.662778181941945252e-03
4.790408971593640951e-03
4.943565919175675269e-03
5.379637783818968545e-03
5.741258354498772302e-03
5.756148613291470553e-03
6.381539482584778870e-03
6.894189821019089739e-03
7.245174492561252261e-03
7.630194041343867431e-03
8.127954120985480049e-03
8.749090630623731352e-03
9.425533815777717775e-03
1.015090213696485423e-02
1.123789102883179618e-02
1.224191990742513371e-02
1.363947705411120044e-02
1.520082704751694359e-02
1.756412383590083906e-02
2.065704330512692713e-02
3.059735463916648732e-02
3.078667364381650062e-02
2.095910284063594309e-02
1.776195155986096813e-02
1.560499121474731229e-02
1.441377051133148693e-02
1.299919592602519387e-02
1.222702964863243633e-02
1.154845928365092096e-02
1.076778428694804939e-02
1.032958524247722804e-02
9.710575912666505674e-03
9.538274346636715223e-03
9.548910245774356459e-03
9.255359429575458000e-03
9.021369648547349074e-03
8.976698872169255189e-03
8.955427073893972717e-03
8.853322442172616505e-03
9.231960451472646587e-03
9.557418965084470489e-03
9.608471280945147727e-03
9.872241579558653155e-03
1.025513394851373938e-02
1.126129000693460586e-02
1.185264599898746239e-02
1.283753025913304639e-02
1.460947105546408706e-02
1.612615027249173633e-02
2.015502886583026010e-02
2.988262221711699210e-02
3.030380382296758712e-02
2.038689146703083835e-02
1.656860367661761382e-02
1.420105252857866047e-02
1.316298877274487029e-02
1.153569620468575252e-02
1.101240996711379955e-02
1.008070520265642173e-02
9.312793284918720327e-03
8.966062973031613953e-03
7.964161274265803628e-03
7.553615567552849838e-03
7.315371426869684765e-03
6.798466728780317749e-03
6.358140504481968325e-03
5.985884034664522464e-03
5.658298341225170489e-03
5.503014213815607229e-03
5.071196708827370968e-03
5.035034651759390245e-03
4.743611015388018992e-03
4.492603795739684609e-03
4.396880703500912618e-03
4.169272461955388781e-03
4.048023211786278171e-03
3.841686768516036805e-03
3.716183158691869614e-03
3.650240584038493257e-03
3.158862043879465294e-03
3.401360544217686948e-03
3.026976894572713447e-03
2.939762521644054619e-03
2.829149170612585244e-03
2.652593244927739513e-03
2.535598354413685484e-03
2.407967564761989785e-03
2.235665998732200635e-03
2.078254691495109736e-03
2.025075195806903122e-03
1.901698765810264004e-03
1.927224923740603274e-03
1.703871041850136018e-03
1.599639230301251299e-03
1.544332554785516395e-03
1.446482282719216547e-03
1.372030988755727461e-03
1.333741751860218665e-03
1.216746861346164419e-03
1.055081194454016722e-03
1.050826834798960141e-03
9.338319442849060030e-04
8.317273125635494656e-04
7.742934572202864879e-04
7.083508825669104563e-04
5.445580358472344685e-04
4.148000663680106418e-04
3.531118513696910829e-04
2.254810617179955196e-04
1.446482282719216438e-04
3.828923689550867442e-05
0.000000000000000000e+00
