3.622929018793673100e-04
4.338837148255895960e-05
7.592965009447817930e-05
1.258262772994209720e-04
1.128097658546532923e-04
1.366733701700607255e-04
1.974170902456432581e-04
2.234501131351786447e-04
2.408054617282022177e-04
2.494831360247140042e-04
2.928715075072729638e-04
3.514458090087275565e-04
3.427681347122157971e-04
4.143589476584380832e-04
4.165283662325660230e-04
4.447308076962293495e-04
4.208672033808219027e-04
4.989662720494280083e-04
5.965901078851857352e-04
6.269619679229770015e-04
6.443173165160005203e-04
5.532017364026267214e-04
6.529949908125123881e-04
7.245858037587346199e-04
7.028916180174551130e-04
6.963833622950712935e-04
8.113625467238525391e-04
7.137387108880949207e-04
8.070237095755966594e-04
8.699368482253071319e-04
8.699368482253071319e-04
9.805771955058324978e-04
9.502053354680412315e-04
1.036982078433159151e-03
1.043490334155543079e-03
1.104234054231125611e-03
1.234399168678802436e-03
1.264771028716593594e-03
1.299481725902640848e-03
1.384089050293630828e-03
1.368903120274735140e-03
1.455679863239853168e-03
1.527270676186075291e-03
1.640080442040728597e-03
1.596692070558169800e-03
1.637911023466600766e-03
1.867869392324163257e-03
1.878716485194802848e-03
1.980679158178816346e-03
2.089150086885213989e-03
2.180265666998587679e-03
2.080472412588702229e-03
2.247517642796553923e-03
2.397207524411382532e-03
2.416732291578533882e-03
2.570761010341618153e-03
2.774686356309645583e-03
2.846277169255867923e-03
2.783364030606157342e-03
3.097929723854709813e-03
3.247619605469537988e-03
3.212908908283490950e-03
3.397309487084366596e-03
3.631606693090184967e-03
3.859395643373619410e-03
3.878920410540770761e-03
4.065490407915774672e-03
4.447308076962292953e-03
4.735840747321310579e-03
4.766212607359101953e-03
5.143691439257364571e-03
5.163216206424516355e-03
5.731603872846038547e-03
6.304330376415816402e-03
6.310838632138200330e-03
6.740383509815534371e-03
7.100506993120773470e-03
7.547407219391131031e-03
8.146166745850445465e-03
8.675504877937664089e-03
9.193995917154243122e-03
9.992341952433328456e-03
1.090783659071532276e-02
1.160855879015865004e-02
1.295793714326623318e-02
1.391465073445665758e-02
1.609491640145524483e-02
1.814284753543202872e-02
2.192414411013704142e-02
3.219634105863287271e-02
3.228311780159799638e-02
2.203695387599169386e-02
1.881319787483756376e-02
1.675875848513839680e-02
1.465225304966016016e-02
1.376713027141595810e-02
1.250669807984761996e-02
1.209450855076331030e-02
1.119853867964846691e-02
1.051951066594642055e-02
1.008779636969495824e-02
9.820957885077219798e-03
9.575813586200762270e-03
9.534594633292332172e-03
9.237384288636803220e-03
9.300297427286512500e-03
9.029120105520519260e-03
8.955359874000168655e-03
8.970545804019064776e-03
9.354532891639712189e-03
9.215690102895522304e-03
9.729842304963846542e-03
1.016155660121530885e-02
1.075380787195223849e-02
1.158903402299149739e-02
1.237653296539994313e-02
1.356320492544793067e-02
1.552218989788546784e-02
1.954646135289280981e-02
2.925244005354124890e-02
2.881204808299327527e-02
1.933819716977652758e-02
1.567187977950029731e-02
1.323562272075461121e-02
1.219647122374732315e-02
1.067136996613537656e-02
9.894718116597570404e-03
9.315483357305408621e-03
8.673335459363535824e-03
7.773026751100437642e-03
7.449783383555372979e-03
7.037593854471063323e-03
6.753400021260302227e-03
6.167657006245755649e-03
5.781500500050981706e-03
5.553711549767546829e-03
5.200096322184691658e-03
5.108980742071317534e-03
4.941935511863465406e-03
4.692452375838751348e-03
4.369209008293687552e-03
4.232535638123626799e-03
3.863734480521875507e-03
3.957019479209377029e-03
3.800821341872164926e-03
3.473239137178844600e-03
3.271483209784945435e-03
3.154334606782036466e-03
3.056710770946278848e-03
2.705264961937551074e-03
2.798549960625053030e-03
2.722620310530574593e-03
2.585946940360513840e-03
2.375513338670102916e-03
2.388529850114870772e-03
2.230162294203530404e-03
2.084811249736957892e-03
1.854852880879395618e-03
1.811464509396836604e-03
1.746381952172998192e-03
1.583675559113401944e-03
1.614047419151193319e-03
1.494729397574156085e-03
1.477374048981132566e-03
1.305989981625024776e-03
1.206196727215139109e-03
1.160638937158452264e-03
1.115081147101765202e-03
1.058676264174438549e-03
8.829533596700747710e-04
7.809906866860612728e-04
7.419411523517582471e-04
5.814041778662900478e-04
5.423546435319870221e-04
4.382225519738454757e-04
3.601234833052393701e-04
3.037186003779127172e-04
2.082641831162830115e-04
1.453510444665725120e-04
4.121895290843101298e-05
0.000000000000000000e+00
