2.632674032492292814e-04
3.184686329627773937e-05
8.917121722957767295e-05
9.554058988883321133e-05
1.188949563061035639e-04
1.295105774048627991e-04
1.571111922616368485e-04
2.186817946344404720e-04
2.208049188541923136e-04
2.208049188541923136e-04
2.972373907652589098e-04
3.205917571825292489e-04
3.312073782812884840e-04
3.120992603035218282e-04
3.651773657973180582e-04
4.267479681701217089e-04
4.925648189824289886e-04
4.670873283454068351e-04
4.925648189824289886e-04
5.159191853996993819e-04
5.074266885206920154e-04
6.050904026292770006e-04
5.965979057502696341e-04
5.838591604317585303e-04
6.220753963872918419e-04
6.836459987600954384e-04
7.622015948909138762e-04
6.963847440786065423e-04
8.216490730439656581e-04
7.579553464514101387e-04
9.362977809105654846e-04
9.214359113723025662e-04
1.031838370799398764e-03
9.278052840315581182e-04
1.029715246579646949e-03
1.135871457567239409e-03
1.031838370799398764e-03
1.157102699764757771e-03
1.110393966930217201e-03
1.299352022488131728e-03
1.239904544335080055e-03
1.430985724112746396e-03
1.469201960068279708e-03
1.484063829606542626e-03
1.435231972552250025e-03
1.454340090530016789e-03
1.588096916374383272e-03
1.715484369559494094e-03
1.728223114878005198e-03
1.813148083668079296e-03
1.925673667314927199e-03
1.970259275929715954e-03
2.148601710388871409e-03
2.176202325245645431e-03
2.176202325245645431e-03
2.473439716010904232e-03
2.537133442603459969e-03
2.326944144848026863e-03
2.664520895788571007e-03
2.687875262205840967e-03
3.040313882684648247e-03
3.125238851474722128e-03
3.256872553099336796e-03
3.407614372701718228e-03
3.613557422017647271e-03
3.717590508785487916e-03
3.972365415155709560e-03
4.091260371461813775e-03
4.422467749743102042e-03
4.477668979456650086e-03
4.825861351495953737e-03
4.953248804681064342e-03
5.265348064984585845e-03
5.520122971354807923e-03
6.110351504445821896e-03
6.477651994462892311e-03
6.762150639909639792e-03
6.834336863381202352e-03
7.715433414578220551e-03
8.108211395232312740e-03
8.609268711093747903e-03
9.227097859041537634e-03
9.921359478900390952e-03
1.106996968178614212e-02
1.247123166682236224e-02
1.320795577107625358e-02
1.499350323988755951e-02
1.719518305577022801e-02
2.073018488165705511e-02
3.107616920450781764e-02
3.104007609277203636e-02
2.090428106767670824e-02
1.743297296838243471e-02
1.561133238783534750e-02
1.388735552139684637e-02
1.323980263437253210e-02
1.201900620801521838e-02
1.135659145145264184e-02
1.062835984407775776e-02
1.044789428539884962e-02
9.982930081273195741e-03
9.685692690507936506e-03
9.195250995745259115e-03
9.152788511350222825e-03
9.418179038819203541e-03
9.055124797241636755e-03
9.014785437066352713e-03
9.212235989503273631e-03
9.261067846557566666e-03
9.326884697369874216e-03
9.435164032577218057e-03
1.023345873920391419e-02
1.044577116117909911e-02
1.101476845207259407e-02
1.193408123922514406e-02
1.329712698830583240e-02
1.453490840842116064e-02
1.652002955388913799e-02
1.975354774057120483e-02
3.042012382060449438e-02
3.009316269076271061e-02
2.004229263445745854e-02
1.684062131107166849e-02
1.459860213501371594e-02
1.289161026233322932e-02
1.164533634533889382e-02
1.075362417304311612e-02
9.815203267912799359e-03
9.292914709853843450e-03
8.672962437686304940e-03
8.186766991363130311e-03
7.658109060644920259e-03
7.564691594975838686e-03
6.921384956391028916e-03
6.777012509447902927e-03
6.288693938904977784e-03
5.694219157374459314e-03
5.513753598695552913e-03
5.186792468853767407e-03
4.853461966352727759e-03
4.815245730397194231e-03
4.594440811543002053e-03
4.365143395809801749e-03
4.222894073086428009e-03
4.112491613659331920e-03
3.779161111158291838e-03
3.634788664215165849e-03
3.513770583689310688e-03
3.333305025010403419e-03
3.284473167956110818e-03
2.942650168576063045e-03
2.982989528751348388e-03
2.704860255963855917e-03
2.579595926998496692e-03
2.577472802778744878e-03
2.441592852714626581e-03
2.475562840230656047e-03
2.216541685420930774e-03
2.148601710388871409e-03
1.944781785292693964e-03
1.864103064942123711e-03
1.832256201645845843e-03
1.651790642966938791e-03
1.568988798396616507e-03
1.445847593651009315e-03
1.371538245959694506e-03
1.275997656070861335e-03
1.184703314621531793e-03
1.065808358315428230e-03
9.490365262290765885e-04
9.596521473278358779e-04
8.365109425822285765e-04
7.813097128686805320e-04
6.072135268490289235e-04
4.883185705429253596e-04
4.458560861478883647e-04
3.481923720393032711e-04
2.611442790294774669e-04
1.422493227233739030e-04
6.581685081230732035e-05
0.000000000000000000e+00
