2.736435640553976133e-04
4.560726067589959996e-05
8.904274703389922316e-05
8.904274703389922316e-05
1.194475874844989655e-04
1.259629104381988958e-04
2.150056574720981325e-04
2.606129181479977528e-04
2.410669492868979078e-04
2.367234006510979271e-04
2.801588870090975436e-04
3.496556651818969624e-04
3.583427624534968694e-04
3.930911515398966059e-04
4.191524433546963270e-04
4.234959919904963347e-04
4.517290581231960867e-04
5.299129335675954126e-04
5.798637428792949864e-04
5.581459997002951104e-04
5.320847078854953893e-04
6.645629412773941883e-04
6.428451980983944207e-04
7.731516571723932429e-04
7.579492369470934056e-04
7.405750424038935915e-04
8.296177894377927469e-04
8.100718205766929561e-04
8.187589178482928632e-04
9.186605364716920108e-04
8.969427932926922432e-04
9.751266687370915148e-04
1.022905703730891003e-03
1.061997641453090802e-03
1.081543610314190593e-03
1.268316201653589027e-03
1.177101680301789787e-03
1.300892816422088679e-03
1.496352505033087020e-03
1.379076691866488059e-03
1.411653306634987710e-03
1.439886372767687408e-03
1.581051703431186331e-03
1.609284769563886029e-03
1.674437999100885331e-03
1.700499290915685269e-03
1.713529936823085130e-03
1.778683166360084432e-03
1.878584784983483580e-03
2.061013827687082061e-03
2.106621088362981790e-03
2.189148512443180906e-03
2.271675936523380023e-03
2.373749329464679148e-03
2.369405780828879194e-03
2.562693695121977776e-03
2.697343702831776335e-03
2.847196130766875381e-03
2.951441298026074266e-03
3.099121951643273119e-03
3.262005025485771592e-03
3.240287282306771825e-03
3.298925188890071414e-03
3.759341344284867353e-03
3.754997795649067400e-03
4.026469585386565145e-03
3.983034099028565610e-03
4.497744612370861185e-03
4.673658332120759519e-03
4.877805118003357768e-03
5.273068043861153971e-03
5.520650316101751755e-03
5.759545491070749632e-03
5.787778557203449546e-03
6.358955202811144951e-03
6.784622969119541262e-03
7.357971389045135993e-03
7.609897209921534164e-03
7.955209326467630251e-03
8.472091614127826020e-03
8.932507769522621960e-03
1.023340058594471129e-02
1.057436915385500872e-02
1.159727485758589929e-02
1.275917411766238838e-02
1.430982098064297568e-02
1.612325253608945866e-02
1.847094057373933895e-02
2.223028191802420631e-02
3.183169617746002544e-02
3.159497277680892169e-02
2.243877225254260407e-02
1.871635107166203654e-02
1.664230659806755636e-02
1.501999118259626960e-02
1.359747900437178157e-02
1.221188698955159337e-02
1.184268535550859688e-02
1.137792565147800056e-02
1.052659011886120793e-02
1.015304493618241106e-02
9.584040064892615854e-03
9.579696516256817201e-03
9.670911037608616659e-03
8.908618252025723300e-03
9.212666656531719178e-03
8.745735178183224393e-03
9.227869076757020533e-03
9.269132788797119007e-03
9.056298905642920852e-03
9.510199738084017945e-03
1.002708202574421198e-02
1.040497075705880924e-02
1.058305625112660776e-02
1.169717647620929779e-02
1.232699102840029322e-02
1.362571207050448062e-02
1.579531461408656412e-02
1.925060755386543213e-02
2.892586214010984744e-02
2.896929762646784784e-02
1.869680510280093827e-02
1.557162185934286500e-02
1.374081610935318047e-02
1.203814504411959523e-02
1.063952238339200759e-02
1.005748686619481296e-02
9.123623909497819914e-03
8.843465022488722696e-03
8.339613380735928089e-03
7.575148820835133669e-03
7.214634284063737094e-03
6.897555233650340054e-03
6.341581008267945137e-03
5.902882596052148531e-03
5.535852736327052243e-03
5.418576923160453064e-03
5.051547063435355908e-03
4.777903499379958403e-03
4.578100262133160542e-03
4.441278480105461356e-03
3.959144581531665215e-03
3.798433282007066935e-03
3.883132480405166245e-03
3.574740527263369112e-03
3.342360675248070949e-03
3.307612286161671321e-03
3.064373562556873491e-03
2.921036457575474591e-03
2.864570325310075195e-03
2.788558224183575792e-03
2.616988053069477412e-03
2.464963850816478605e-03
2.491025142631278326e-03
2.269504162205480263e-03
2.037124310190182100e-03
2.106621088362981790e-03
1.965455757699483084e-03
1.850351718850783882e-03
1.631002512742885796e-03
1.622315415471285889e-03
1.644033158650285657e-03
1.591910575020686214e-03
1.394279112091787896e-03
1.331297656872688353e-03
1.229224263931389229e-03
1.151040388486990066e-03
9.925008632802913289e-04
9.664395714654916078e-04
8.339613380735927005e-04
7.796669801260931731e-04
7.362314937680936380e-04
6.450169724162943975e-04
5.212258362959955055e-04
4.864774472095957690e-04
4.191524433546963270e-04
2.714717897374976366e-04
1.780854940677984463e-04
1.303064590739988764e-04
3.692016340429967938e-05
0.000000000000000000e+00
