3.842518572173098893e-04
6.404197620288498607e-05
9.275044829383341548e-05
1.037921683288135869e-04
1.590007685037144304e-04
1.766675205596827155e-04
1.744591765526866596e-04
2.694179688535161175e-04
2.760430008745042040e-04
2.716263128605121463e-04
3.091681609794447454e-04
3.997102652662821456e-04
3.975019212592860625e-04
3.820435132103138605e-04
3.930852332452940048e-04
4.659605854761631198e-04
5.255858736650560617e-04
4.858356815391274338e-04
5.984612258959251226e-04
6.669198901128022342e-04
6.072946019239093465e-04
6.382114180218537505e-04
7.177118022737110064e-04
7.265451783016951218e-04
8.060455625535523777e-04
7.420035863506673239e-04
8.612541627284532077e-04
9.319211709523262397e-04
9.341295149593222685e-04
9.893381151342230985e-04
1.053380091337108044e-03
1.024671619246159777e-03
1.110797035519005011e-03
1.179255699735882014e-03
1.192505763777858187e-03
1.351506532281572699e-03
1.329423092211612411e-03
1.313964684162640100e-03
1.283047868064695696e-03
1.375798316358529125e-03
1.468548764652362554e-03
1.530382396848251362e-03
1.702633229393942047e-03
1.689383165351965874e-03
1.771091893610819050e-03
1.859425653890660422e-03
1.870467373925640674e-03
1.956592790198486125e-03
2.053759926506311395e-03
2.208344006996033632e-03
2.159760438842121214e-03
2.214969039017022044e-03
2.365136431492752007e-03
2.426970063688641249e-03
2.619095992297296085e-03
2.775888416794014459e-03
3.014389569549586010e-03
2.930472497283736696e-03
3.140265177948360197e-03
3.226390594221205214e-03
3.305890978473062687e-03
3.526725379172666007e-03
3.736518059837289074e-03
3.809393412068158135e-03
4.118561573047603043e-03
4.200270301306456219e-03
4.471896614166968528e-03
4.633105726677679177e-03
5.059316120027913290e-03
5.249233704629572422e-03
5.377317657035342313e-03
5.836653210490517184e-03
6.273905323875732416e-03
6.251821883805771911e-03
6.837033045659720969e-03
7.225701590891022916e-03
7.424452551520665730e-03
7.972121865255681755e-03
8.625791691326508900e-03
9.224252917222433915e-03
9.703463566740571852e-03
1.063980142570689069e-02
1.104392837898716430e-02
1.222097573471605039e-02
1.343777328257086609e-02
1.508740625579690388e-02
1.615182806716899261e-02
1.913750916462762797e-02
2.273269320801717119e-02
3.296174264842280377e-02
3.319141042515039164e-02
2.302419461694064917e-02
1.917284266873956616e-02
1.661558030863815802e-02
1.554232512123808647e-02
1.398102590829189071e-02
1.331410601817908761e-02
1.238880987924774989e-02
1.175280680523289184e-02
1.082309397828756098e-02
1.042780040103527192e-02
1.040350861695831484e-02
9.668130062628635391e-03
9.593046366390771060e-03
9.354545213635198642e-03
9.392087061754131674e-03
9.105002340844646838e-03
8.782584115823227275e-03
9.001210172515834024e-03
9.096168964816664024e-03
9.445087317922037234e-03
9.690213502698595896e-03
9.741005414859504885e-03
1.005900695186693478e-02
1.073917690602171210e-02
1.163134788484810993e-02
1.312639677758442418e-02
1.468327930251662854e-02
1.834471366611605328e-02
2.793555168849982603e-02
2.769263384773026568e-02
1.762479351983534462e-02
1.462807070234172814e-02
1.306677148939553237e-02
1.143038858021147054e-02
1.031738320068546939e-02
9.411962157817095609e-03
8.515374490976706373e-03
8.005247025360623381e-03
7.329493759219836597e-03
7.113076046534224685e-03
6.428489404365454220e-03
6.254030227812767614e-03
5.922778626763362635e-03
5.372900969021350039e-03
5.328734088881429895e-03
4.834065031314317695e-03
4.913565415566175168e-03
4.540355278383845748e-03
4.293020749600289648e-03
4.206895333327444197e-03
3.754184811893257305e-03
3.718851307781320843e-03
3.473725123004761314e-03
3.325766074536027055e-03
3.204307154151245143e-03
3.155723585997332291e-03
2.873055553101840163e-03
2.828888672961919152e-03
2.722888160626109767e-03
2.532970576024450634e-03
2.482178663863542079e-03
2.332011271387811682e-03
2.195093942954057676e-03
2.007384702359394681e-03
1.896967502009593021e-03
1.830717181799711938e-03
1.753425141554850819e-03
1.729133357477894394e-03
1.570132588974180099e-03
1.563507556953191904e-03
1.461923732631374359e-03
1.362548252316552952e-03
1.249922707959755155e-03
1.172630667714894036e-03
1.150547227644933531e-03
1.088713595449044723e-03
8.656708507424452654e-04
8.789209147844214386e-04
7.486286183716554105e-04
7.155034582667149775e-04
6.205446659658855196e-04
5.962528818889290937e-04
4.571272094481790044e-04
3.732101371823296908e-04
3.687934491683376331e-04
3.224182250214209186e-04
1.722508325456906307e-04
1.280839524057699721e-04
3.091681609794447183e-05
2.208344006996033944e-06
