1.685138109398343987e-04
2.877065064826441002e-05
5.548625482165278931e-05
7.192662662066102845e-05
1.171376490679336776e-04
1.130275561181816161e-04
1.294679279171898349e-04
1.828991362639666206e-04
1.952294151132227915e-04
2.466055769851235261e-04
2.075596939624789624e-04
2.794863205831399637e-04
3.000367853319002576e-04
3.246973430304126535e-04
3.267523895052886775e-04
3.514129472038010193e-04
4.377248991485942426e-04
3.986790161259496789e-04
4.007340626008257028e-04
4.808808751209908542e-04
5.158166651938833700e-04
4.932111539702470522e-04
5.178717116687593398e-04
5.445873158421478139e-04
5.959634777140484672e-04
6.966607549829739125e-04
7.192662662066102303e-04
6.617249649100814509e-04
6.411745001613211028e-04
7.706424280785109920e-04
7.747525210282630399e-04
7.911928928272713400e-04
8.179084970006597058e-04
7.932479393021473098e-04
8.816149377218166112e-04
9.432663319680974386e-04
9.514865178676015344e-04
1.015192958588758548e-03
1.148770979455700485e-03
1.062459027510907154e-03
1.150826025930576455e-03
1.206312280752229156e-03
1.261798535573882074e-03
1.325504976295038871e-03
1.403596742340328107e-03
1.395376556440824012e-03
1.417982067664460329e-03
1.547449995581650110e-03
1.547449995581650110e-03
1.666642691124459825e-03
1.728294085370740652e-03
1.777615200767765444e-03
1.845431734438674398e-03
2.145468519770574439e-03
2.032440963652393066e-03
2.106422636747930146e-03
2.194789635167599447e-03
2.252330936464128335e-03
2.330422702509417354e-03
2.550312675321152189e-03
2.544147535896524280e-03
2.893505436625449113e-03
2.803083391730903842e-03
2.914055901374209678e-03
3.117505502386936321e-03
3.281909220377018672e-03
3.497689100239002001e-03
3.633322167580819908e-03
3.715524026575860866e-03
4.210790227020984322e-03
4.021725951332389033e-03
4.414239828033711399e-03
4.823194076534040656e-03
5.051304235245280237e-03
5.343120834677676616e-03
5.729469571954369338e-03
5.916478801168088657e-03
6.325433049668417913e-03
6.779598320616021107e-03
7.398167309553705349e-03
7.780405953880646999e-03
8.592149311456678470e-03
9.292920159389404106e-03
9.740920290912379390e-03
1.092257201396609582e-02
1.222547147903749881e-02
1.371949026627237132e-02
1.601497717870889806e-02
1.946129011707599735e-02
2.834936612091482414e-02
2.843362302638474323e-02
1.964007916039021279e-02
1.643831675253335997e-02
1.453328867032327963e-02
1.280499458495253789e-02
1.198092094852725061e-02
1.107464545310692279e-02
1.073350773827750140e-02
1.042525076704609727e-02
9.687489082565602441e-03
9.346351367736181054e-03
9.373066971909569528e-03
9.225103625718496236e-03
9.042204489454528857e-03
8.600369497356182349e-03
8.795598912469405548e-03
9.058644861253536615e-03
9.227158672193371339e-03
9.660773478392213967e-03
9.492259667452379243e-03
9.868333172354692984e-03
1.064514073985783210e-02
1.117328768390097107e-02
1.178569153341402741e-02
1.297145334941749752e-02
1.399692154038063505e-02
1.505938056789154350e-02
1.738569317745120718e-02
2.102107039150690262e-02
3.068389891637399516e-02
3.134151378833432283e-02
2.146496043008012597e-02
1.816661083790409997e-02
1.553615135006278236e-02
1.417160049074509855e-02
1.269402207530923379e-02
1.207134299342179674e-02
1.088558117741832663e-02
1.005328735509353547e-02
9.668993664291717846e-03
9.368956878959817589e-03
8.415415314617339868e-03
8.205800574179985749e-03
7.488589354448250621e-03
7.151561732568582040e-03
6.867965319035690408e-03
6.526827604206269021e-03
6.237066051248748612e-03
6.082937565633046544e-03
5.737689757853874084e-03
5.612331922886436460e-03
5.390386903599824787e-03
5.217762999710238124e-03
4.819083983584288716e-03
4.599194010772553881e-03
4.436845339257347066e-03
4.379304037960818179e-03
3.925138767013215853e-03
3.812111210895034481e-03
3.670313004128588231e-03
3.604551516932555464e-03
3.380551451171068256e-03
3.249028476779002288e-03
3.189432129007597431e-03
3.064074294040159806e-03
2.788698066406771620e-03
2.887340297200821203e-03
2.655120045539829682e-03
2.616074162517185390e-03
2.529762210572392058e-03
2.363303446107433738e-03
2.246165797039499992e-03
2.110532729697682085e-03
1.958459290556855987e-03
1.900917989260327099e-03
1.755009689544129127e-03
1.596771110978674685e-03
1.436477485938344491e-03
1.413871974714708173e-03
1.202202187802477217e-03
1.140550793556196173e-03
1.070679213410411250e-03
9.186057742695851510e-04
8.507892405986760892e-04
6.884405690834698166e-04
5.918533847642964193e-04
4.562203174224785125e-04
3.123670641811564556e-04
2.260551122363632323e-04
7.809176604528911389e-05
0.000000000000000000e+00
