4.571029828729916288e-04
5.078922031922129284e-05
8.612085184563609847e-05
1.059948945792444372e-04
1.567841148984657233e-04
1.523676609576638853e-04
1.921157464248805357e-04
2.627790094777101605e-04
2.848612791817194318e-04
2.716119173593138365e-04
3.444834073825443939e-04
3.709821310273555303e-04
3.334422725305397853e-04
3.643574501161527326e-04
4.350207131689823575e-04
4.548947559025906962e-04
5.343909268370240512e-04
5.542649695706323900e-04
5.741390123042407288e-04
5.277662459258211994e-04
6.536351832386739754e-04
6.911750417354897745e-04
6.779256799130841792e-04
7.331313541731073304e-04
8.258768869299461723e-04
7.640465317587202777e-04
8.545838375451582413e-04
8.612085184563609847e-04
8.965401499827757971e-04
9.384964624203934614e-04
1.077614761555651833e-03
1.093072350348458198e-03
1.126195754904472024e-03
1.015784406384425721e-03
1.305062139506947072e-03
1.364684267707772089e-03
1.199067244927702744e-03
1.366892494678172967e-03
1.362476040737371210e-03
1.360267813766970332e-03
1.634087958096685101e-03
1.563424695043855476e-03
1.519260155635836825e-03
1.616422142333477641e-03
1.782039165113546986e-03
1.868160016959183193e-03
1.960905549716022035e-03
1.982987819420031252e-03
1.985196046390432130e-03
2.108856756732883919e-03
2.217059878282529560e-03
2.267849098601750629e-03
2.453340164115428313e-03
2.457756618056230503e-03
2.788990663616369194e-03
2.643247683569908187e-03
2.970065275189245121e-03
3.056186127034881111e-03
3.084893077650093397e-03
3.365337902891010584e-03
3.277008824074973715e-03
3.610451096605513718e-03
3.707613083303154099e-03
3.917394645491242312e-03
4.085219895241712536e-03
4.153674931324141499e-03
4.480492522943478433e-03
4.639484864812345143e-03
4.935387278846068912e-03
5.268829551376608480e-03
5.575773100262337509e-03
5.900382464911273564e-03
6.138870977714573629e-03
6.523102470564334267e-03
6.483354385097117589e-03
7.203236377447819541e-03
7.534470423007958231e-03
7.881162057360903070e-03
8.801992704018090155e-03
9.062563486525399004e-03
9.771404344024096564e-03
1.030137881692031777e-02
1.129508095360073558e-02
1.251181401429164557e-02
1.335535671698479844e-02
1.480837006350860761e-02
1.668094653440859235e-02
1.907245634335279563e-02
2.262549353872788521e-02
3.309690583236907235e-02
3.303949193113864952e-02
2.286619027850158442e-02
1.914974428731682637e-02
1.682227306051425203e-02
1.528755531608560862e-02
1.390520523261462929e-02
1.316324097055991856e-02
1.206354393930025685e-02
1.149602960790721898e-02
1.102567726321182148e-02
1.027267186630510636e-02
1.021746619204508266e-02
9.696324627030464965e-03
9.442378525434358752e-03
9.413671574819145599e-03
8.866031286159717362e-03
8.998524904383771797e-03
8.852781924337310357e-03
9.119977387755823575e-03
9.241429871127873619e-03
9.272345048713487650e-03
9.672034130356055304e-03
9.835442926165723770e-03
1.053545087578281608e-02
1.084239442466854511e-02
1.172568521282891553e-02
1.287175501046699568e-02
1.520805914515117527e-02
1.811408583819879362e-02
2.774195542914682788e-02
2.785457500463727615e-02
1.810746115728759098e-02
1.477083020501179268e-02
1.279005061256216144e-02
1.125312464116311716e-02
1.037645853391394937e-02
9.495375972723979832e-03
8.698206036409247138e-03
8.371388444789908470e-03
7.457182479043925755e-03
6.984621907378128249e-03
6.525310697534735145e-03
6.196284878944997333e-03
5.889341330059269172e-03
5.467569978712691868e-03
5.178292245590170734e-03
4.849266427000432922e-03
4.672608269368359185e-03
4.535698197203501258e-03
4.356831812601026643e-03
4.021181313100085329e-03
3.864397198201619931e-03
3.537579606582282998e-03
3.548620741434287389e-03
3.363129675920609706e-03
3.184263291318134657e-03
3.177638610406932022e-03
2.850821018787595088e-03
2.925900735781226687e-03
2.758075486030756029e-03
2.526211654138659033e-03
2.276682006483354576e-03
2.194977608578520343e-03
2.190561154637718153e-03
2.108856756732883919e-03
1.956489095775220278e-03
1.852702428166376611e-03
1.766581576320740620e-03
1.713584129031118239e-03
1.441972211671804565e-03
1.572257602925458990e-03
1.494969658961426730e-03
1.384558310441380427e-03
1.278563415862135882e-03
1.141653343697278606e-03
1.123987527934071145e-03
1.088655896407656441e-03
9.252471005979878661e-04
8.391262487523517676e-04
7.485889429659138040e-04
7.309231272027064521e-04
6.580516371794758405e-04
5.675143313930378769e-04
5.255580189554203210e-04
4.217713513465768164e-04
3.533163152641481241e-04
2.760283713001157016e-04
1.744499306616731295e-04
1.170360294312490593e-04
1.987404273360833198e-05
0.000000000000000000e+00
