2.678901735333012930e-04
3.827002479047161425e-05
6.803559962750508748e-05
8.929672451110044003e-05
1.275667493015720611e-04
1.573323241386055140e-04
1.403234242317292590e-04
2.062329113708748045e-04
2.402507111846273686e-04
2.423768236729868970e-04
2.615118360682227075e-04
3.040340858354133855e-04
3.019079733470538571e-04
3.465563356026040635e-04
3.593130105327612886e-04
3.444302231142445350e-04
4.337269476253449480e-04
4.911319848110523795e-04
5.294020096015240005e-04
5.485370219967597568e-04
5.442847970200406999e-04
5.974376092290291287e-04
6.229509590893434704e-04
6.548426464147365060e-04
6.378337465078602782e-04
7.271304710189606911e-04
7.909138456697466539e-04
7.143737960888035202e-04
8.461927703670946111e-04
8.355622079252968603e-04
8.398144329020160257e-04
8.972194700877234030e-04
1.050299569249609887e-03
9.418678323432736095e-04
1.065182356668126695e-03
1.003525094505700044e-03
1.041795119296171773e-03
1.111956831412036321e-03
1.207631893388215428e-03
1.228893018271810713e-03
1.341576980154866048e-03
1.356459767573382855e-03
1.396855904852214005e-03
1.590332141292931422e-03
1.498909304293471589e-03
1.560566566455898023e-03
1.586079916316212365e-03
1.573323241386055194e-03
1.664746078385515244e-03
1.766799477826772827e-03
1.919879576988659312e-03
2.021932976429917112e-03
2.051698551266950294e-03
2.117608038406096002e-03
2.453533811566902586e-03
2.279192587521420600e-03
2.566217773449957704e-03
2.459912149031981063e-03
2.649136160495979640e-03
2.695910635239889483e-03
3.048845308307571861e-03
3.199799294981098708e-03
3.310357144375794623e-03
3.369888294049861420e-03
3.535725068141905292e-03
3.886533628721228466e-03
3.986460915674126630e-03
4.033235390418036040e-03
4.273486101602663734e-03
4.607285762275110247e-03
4.768870311390434845e-03
4.992112122668186311e-03
5.328037895828992461e-03
5.727747043640585116e-03
5.723494818663865842e-03
6.414481377380714874e-03
6.890730574773250121e-03
7.256421922771090320e-03
7.600852145885334150e-03
8.098362468161465766e-03
8.712808977297370472e-03
9.418678323432736962e-03
1.017344825680037076e-02
1.121524337609654254e-02
1.218687678327684890e-02
1.360711992550101869e-02
1.528887490379340908e-02
1.762547252850053814e-02
2.064880448694779436e-02
3.049908364551751766e-02
3.080524384384129150e-02
2.105701808471282729e-02
1.781894876494125382e-02
1.564393568934945369e-02
1.446606937079827036e-02
1.307559180341113549e-02
1.220175957069536549e-02
1.145762019976952900e-02
1.084104757814526379e-02
1.041369896798499846e-02
9.669559597059161973e-03
9.493092260525319917e-03
9.584515097524779967e-03
9.274102674224288592e-03
9.016843063132783803e-03
9.006212500690986486e-03
8.940303013551840344e-03
8.876519638901054707e-03
9.184805949713187312e-03
9.516479497897275056e-03
9.616406784850173653e-03
9.807756908802530565e-03
1.031164556854374109e-02
1.128965731318912549e-02
1.187433824748799875e-02
1.281407996734291142e-02
1.459788834507656091e-02
1.615420268655573879e-02
2.019381641443885461e-02
2.985699767403293681e-02
3.035238188382070879e-02
2.038091431341449572e-02
1.655816405934405072e-02
1.423644922205543999e-02
1.312661850313176330e-02
1.150864689949015855e-02
1.095585765251667898e-02
1.005863818242895558e-02
9.271976561735928088e-03
8.959438025947076209e-03
7.985678506278409347e-03
7.585969358466817559e-03
7.354223097235628413e-03
6.822694975145745210e-03
6.374085240101883508e-03
6.074303379243188583e-03
5.663963668989798611e-03
5.498126894897755607e-03
5.064399947272410496e-03
5.051643272342252675e-03
4.760365861436997165e-03
4.447827325648145286e-03
4.411683413346033193e-03
4.194819939533360638e-03
4.050244290324912268e-03
3.865272503837632965e-03
3.722822967117544232e-03
3.559112305513859997e-03
3.221060419864694210e-03
3.372014406538221057e-03
3.002070833563662017e-03
2.927656896471078629e-03
2.829855722006540102e-03
2.617244473170586387e-03
2.510938848752609746e-03
2.402507111846273469e-03
2.249427012684386985e-03
2.047446326290231454e-03
1.996419626569602337e-03
1.922005689477018948e-03
1.911375127035221198e-03
1.739160015478098849e-03
1.590332141292931422e-03
1.603088816223088809e-03
1.430873704665966461e-03
1.335198642689787354e-03
1.333072530201427934e-03
1.250154143155405998e-03
1.018407881924216852e-03
1.097074043993519514e-03
9.971467570406215668e-04
8.398144329020160257e-04
7.887877331813871254e-04
6.059420591824672426e-04
5.017625472528500219e-04
4.230963851835473056e-04
3.614391230211208171e-04
2.806468484634585181e-04
1.573323241386055140e-04
4.252224976719068476e-05
0.000000000000000000e+00
