2.055304123351132299e-04
3.082956185026698720e-05
5.343790720712943680e-05
6.988034019393849167e-05
1.089311185376100165e-04
1.171523350310145337e-04
1.274288556477702074e-04
1.685349381147928480e-04
1.849773711016019096e-04
2.343046700620290675e-04
2.178622370752200329e-04
2.836319690224562524e-04
2.959637937625630554e-04
3.144615308727232599e-04
3.206274432427766072e-04
3.432357885996390975e-04
4.316138659037377801e-04
3.905077834367151396e-04
4.048949123001730583e-04
4.891623813575694552e-04
5.261578555778898643e-04
4.871070772342183395e-04
5.323237679479432116e-04
5.487662009347523545e-04
6.001488040185305739e-04
6.967480978160338822e-04
7.275776596663008355e-04
6.309783658687976356e-04
6.350889741154998672e-04
7.871814792434836264e-04
7.645731338866212446e-04
7.954026957368881979e-04
8.323981699572086069e-04
8.159557369703994640e-04
8.961125977810936293e-04
9.495505049882230729e-04
9.516058091115741887e-04
1.013264932812108204e-03
1.153025613199985160e-03
1.066702840019237647e-03
1.124251355473069322e-03
1.220850649270572522e-03
1.270177948230999734e-03
1.338002984301587097e-03
1.389385587385365316e-03
1.407883324495525683e-03
1.418159845112281370e-03
1.537367484266646952e-03
1.564086437870211566e-03
1.687404685271279596e-03
1.714123638874844209e-03
1.784003979068782796e-03
1.876492664619583764e-03
2.100520814064857009e-03
2.053248819227781238e-03
2.119018551175017376e-03
2.217673149095871800e-03
2.242336798576085189e-03
2.351267917113695517e-03
2.530079375845243998e-03
2.540355896461999469e-03
2.943195504638821194e-03
2.819877257237753381e-03
2.900034118048447438e-03
3.050071319053080082e-03
3.300818422101918590e-03
3.485795793203520527e-03
3.641998906578206192e-03
3.701602726155389309e-03
4.211318148746470355e-03
3.958515741574280405e-03
4.400406128094774307e-03
4.852573035232023678e-03
5.027273885716869277e-03
5.323237679479432549e-03
5.709634854669445349e-03
6.019985777295466106e-03
6.328281395798136290e-03
6.755784653455171838e-03
7.429924405914343014e-03
7.740275328540363771e-03
8.552120457264061545e-03
9.263255683943552588e-03
9.770915802411283060e-03
1.094449445684477981e-02
1.222700422981588646e-02
1.376848232232923477e-02
1.595532590957483843e-02
1.953361038832916036e-02
2.839608176821924179e-02
2.843924315480961598e-02
1.976380445014448706e-02
1.646298602804257064e-02
1.445906450777521488e-02
1.287442502867149237e-02
1.196803591027364305e-02
1.104725966301233625e-02
1.073690874038631463e-02
1.042450251363694243e-02
9.674316508613780077e-03
9.417403493194887246e-03
9.413292884948186098e-03
9.226260209723233588e-03
9.000176756154608035e-03
8.599392452101136883e-03
8.757650869599174423e-03
9.068001792225196048e-03
9.230370817969934735e-03
9.674316508613780077e-03
9.501670962252285052e-03
9.846962054975275103e-03
1.060536927649184322e-02
1.117674382278345709e-02
1.179539036391214803e-02
1.293197354412532404e-02
1.400278699239126436e-02
1.504482618293028796e-02
1.740842592478409126e-02
2.105042483136229658e-02
3.070213299461921341e-02
3.129611588626769053e-02
2.144298791892236197e-02
1.818738618753416858e-02
1.557303934263152938e-02
1.415076888927254556e-02
1.270589009055670023e-02
1.198858895150715399e-02
1.089311185376100159e-02
1.007099020442054835e-02
9.655818771503619710e-03
9.363965585987758453e-03
8.449355251096505107e-03
8.194497539800964583e-03
7.520357787341792541e-03
7.131905308028429168e-03
6.872936988486186630e-03
6.505037550406333330e-03
6.200852540150366028e-03
6.028206993788871003e-03
5.740464416519712627e-03
5.619201473241995821e-03
5.436279406263744458e-03
5.123873179514373127e-03
4.805301040394947473e-03
4.597715323936483155e-03
4.455899339425254541e-03
4.398350823971422865e-03
3.911243746737205068e-03
3.798202019952892292e-03
3.635832994208153170e-03
3.641998906578206192e-03
3.356311633432398824e-03
3.298763117978567149e-03
3.134338788110476587e-03
3.097343313890156286e-03
2.715056746946845935e-03
2.893868205678394416e-03
2.653397623246311812e-03
2.583517283052373225e-03
2.484862685131518801e-03
2.425258865554336118e-03
2.279332272796405490e-03
2.168345850135444588e-03
1.966926046047033725e-03
1.905266922346499602e-03
1.751119113095164726e-03
1.541478092513349184e-03
1.473653056442761821e-03
1.434602278099090297e-03
1.249624906997488360e-03
1.128361963719771554e-03
1.037928582292321810e-03
9.372186802481162699e-04
8.118451287236972324e-04
6.946927936926826580e-04
5.652086339215613891e-04
4.439456906438445831e-04
2.959637937625630554e-04
2.260834535686245502e-04
4.316138659037377666e-05
0.000000000000000000e+00
