2.158761487695059556e-04
4.934311971874422094e-05
3.083944982421513555e-05
8.223853286457369479e-05
7.195871625650198972e-05
1.151339460104031754e-04
1.665330290507617279e-04
1.685889923723760662e-04
1.932605522317481801e-04
2.569954152017928030e-04
2.426036719504924078e-04
2.713871584530931982e-04
2.796110117395505515e-04
2.919467916692366355e-04
3.125064248853800185e-04
3.988568843931824441e-04
3.947449577499537675e-04
4.296963342173975458e-04
4.276403708957832346e-04
4.728715639712987315e-04
4.708156006496844203e-04
5.263266103332716900e-04
5.489422068710293843e-04
5.489422068710293843e-04
5.921174366249306242e-04
5.633339501223298337e-04
6.455724829869034743e-04
7.319229424947058457e-04
7.010834926704907983e-04
7.853779888566788043e-04
7.689302822837640978e-04
7.380908324595489419e-04
8.203293653241225825e-04
9.292954213696827566e-04
9.704146878019696311e-04
9.272394580480683912e-04
1.027981660807171212e-03
1.056765147309771894e-03
1.095828450420444512e-03
1.139003680174345643e-03
1.182178909928246775e-03
1.213018359752461930e-03
1.282921112687349704e-03
1.280865149365735230e-03
1.435062398486811009e-03
1.467957811632640422e-03
1.461789921667797434e-03
1.449454141738111459e-03
1.455622031702954447e-03
1.648882583934702627e-03
1.753736713337034070e-03
1.901766072493266645e-03
1.852422952774522525e-03
1.829807356236764831e-03
1.901766072493266645e-03
2.049795431649499219e-03
2.243055983881247616e-03
2.236888093916404412e-03
2.423980756183309604e-03
2.310902773494520699e-03
2.574066078661156869e-03
2.744711034355147138e-03
2.837229383827792606e-03
2.960587183124653229e-03
3.108616542280885804e-03
3.279261497974876073e-03
3.390283517342050721e-03
3.597935812825099351e-03
3.653446822508686458e-03
3.906330311067250476e-03
4.138654166409671056e-03
4.490223894405723747e-03
4.712267933140073042e-03
4.973375274985094088e-03
5.269433993297559238e-03
5.567548674931639512e-03
5.820432163490203530e-03
6.293303727461501719e-03
6.677768868603384256e-03
7.302781718374144401e-03
7.975081724542034192e-03
8.289644112749029389e-03
9.313513846912971003e-03
9.922078990110817093e-03
1.080408725508336977e-02
1.243857809576677173e-02
1.383868911778613799e-02
1.628528547050720615e-02
1.997162770616172159e-02
2.837229383827792606e-02
2.851826723411254177e-02
2.025535064454450293e-02
1.677871666769464865e-02
1.443080655441107002e-02
1.287033039330578305e-02
1.181150928267439733e-02
1.103229918378256097e-02
1.078352762186722547e-02
9.745266144451982318e-03
9.679475318160324360e-03
9.344353296737186593e-03
9.169596414399967810e-03
9.079134028248935298e-03
9.062686321676021242e-03
8.655605583996381011e-03
8.976335862168218979e-03
8.992783568741133035e-03
8.842698246263287071e-03
9.342297333415572336e-03
9.753489997738441081e-03
9.998149633010546336e-03
1.030243220460947025e-02
1.086165422808857070e-02
1.193075515532802944e-02
1.304097534899977331e-02
1.391887168732909748e-02
1.529431114948909265e-02
1.777791484199921918e-02
2.141696992125660323e-02
3.227862414934517393e-02
3.194967001788687894e-02
2.128127634203005880e-02
1.818293961635724515e-02
1.518945702008676207e-02
1.406073315652048815e-02
1.270585332757663555e-02
1.195748267850901478e-02
1.127901478237628222e-02
1.037644688418758523e-02
9.356689076666872135e-03
9.093525771500236832e-03
8.641213840745081212e-03
7.880507411747774901e-03
7.547441353646250524e-03
7.130080799358539875e-03
6.681880795246612770e-03
6.554411069306523632e-03
6.346758773823475003e-03
5.964349596003207590e-03
5.838935833384732710e-03
5.300273443121774827e-03
5.339336746232447445e-03
5.129628487427784558e-03
4.815066099220790229e-03
4.605357840416127342e-03
4.477888114476037337e-03
4.249676185776846138e-03
3.961841320750838016e-03
3.834371594810748445e-03
3.828203704845905674e-03
3.367667920804293027e-03
3.456074343633709547e-03
3.190855075145459553e-03
3.131232138818643498e-03
3.075721129135056391e-03
2.746766997676761395e-03
2.820781677254877683e-03
2.454820206007524760e-03
2.586401858590842845e-03
2.477435802545282454e-03
2.401365159645551910e-03
2.047739468327884962e-03
1.959333045498468442e-03
2.012788091860441293e-03
1.749624786693805339e-03
1.696169740331832489e-03
1.700281666975061220e-03
1.523468821316227746e-03
1.383663315446452416e-03
1.256193589506363279e-03
1.089660560455601524e-03
1.019757807520713750e-03
8.018256954295935107e-04
8.285532186105799357e-04
6.723000061678900078e-04
6.065091798762309652e-04
4.379201875038549532e-04
3.782972511770390069e-04
1.973724788749768838e-04
7.195871625650198972e-05
0.000000000000000000e+00
