3.587935196370452989e-04
4.670684871014791278e-05
8.704458168709383961e-05
9.129065884256183476e-05
1.103980060421677926e-04
1.571048547523156986e-04
2.016886648847296274e-04
1.974425877292616187e-04
2.165499349288676036e-04
2.675028607944835183e-04
2.356572821284735615e-04
2.929793237272914621e-04
3.099636323491634427e-04
3.439322495929073497e-04
4.203616383913312353e-04
3.885160597253212514e-04
4.437150627464051477e-04
4.373459470132031617e-04
4.882988728788191036e-04
5.583591459440409490e-04
5.689743388327108894e-04
5.265135672780310193e-04
6.029429560764548507e-04
5.986968789209868962e-04
6.730032291416766961e-04
7.473095793623666045e-04
8.046316209611844780e-04
7.642938879842385309e-04
8.364771996271944078e-04
8.555845468268003656e-04
8.216159295830564044e-04
9.617364757135002037e-04
9.150296270033522706e-04
1.006320285845914214e-03
1.016935478734584154e-03
1.103980060421677926e-03
1.099733983266209863e-03
1.106103098999411958e-03
1.180409449220101758e-03
1.314160879617343571e-03
1.411820654193107283e-03
1.352375574016555487e-03
1.307791763884141477e-03
1.413943692770841315e-03
1.600771087611433047e-03
1.498865235880201272e-03
1.643231859166112809e-03
1.668708322098920753e-03
1.779106328141088654e-03
1.830059254006704541e-03
1.997779301647690207e-03
2.012640571691828428e-03
2.025378803158232183e-03
2.137899847778134115e-03
2.284389509641779684e-03
2.337465474085129603e-03
2.466970827326903353e-03
2.581614910524539317e-03
2.723858495232716823e-03
2.840625617008086818e-03
2.861856002785426699e-03
3.040191243315082305e-03
3.224895599577940006e-03
3.409599955840797707e-03
3.524244039038433238e-03
3.948851754585232590e-03
3.687718009523951058e-03
4.188755113869174242e-03
4.371336431554297478e-03
4.445642781774987277e-03
4.944556847542476430e-03
5.001878889141294846e-03
5.309719482912723769e-03
5.422240527532626135e-03
5.851094320234892683e-03
6.076136409474696548e-03
6.740647484305437552e-03
7.003904267944453116e-03
7.509187449445143929e-03
8.046316209611844780e-03
8.560091545423472587e-03
9.456013825227217381e-03
1.009504843712515088e-02
1.099733983266209907e-02
1.233273109805678273e-02
1.359593905180851020e-02
1.494831462582506612e-02
1.679748122703137586e-02
2.084611579477010576e-02
3.041465066461722724e-02
3.045923447474964060e-02
2.109026523120951721e-02
1.736220948870861869e-02
1.564891735647728349e-02
1.413519085055294465e-02
1.316283918195077472e-02
1.200366011850801350e-02
1.118629026608042483e-02
1.062156200440318200e-02
1.022879986752239269e-02
1.008231020565874755e-02
9.653456412956479271e-03
9.477244211004558563e-03
9.292539854741699995e-03
9.186387925855001024e-03
8.946484566571058505e-03
9.150296270033522056e-03
9.046267379724557550e-03
9.188510964432735489e-03
9.292539854741699995e-03
9.494228519626430815e-03
1.018421605738997933e-02
1.053451742271608801e-02
1.115444468741441479e-02
1.209919685450604361e-02
1.300573432719845900e-02
1.463410491632043467e-02
1.703738458631531838e-02
2.003936113523118942e-02
3.008133360791298908e-02
3.041677370319496171e-02
2.011579052402961282e-02
1.671255968392201807e-02
1.450247652450092732e-02
1.287410593537895165e-02
1.196544542410880180e-02
1.108226137577145859e-02
9.969789161038845188e-03
9.320139356252242838e-03
8.562214584001205317e-03
8.335049456183667854e-03
7.589862915399035390e-03
7.260791935850266152e-03
6.836184220303466799e-03
6.500744125021495901e-03
6.137704528228982159e-03
5.940261940499721137e-03
5.534761572152527634e-03
5.220551862647896182e-03
5.216305785492428120e-03
4.704653488258534778e-03
4.468996206130061190e-03
4.258815386934395979e-03
4.067741914938336617e-03
4.086849262137942466e-03
3.825715517076660934e-03
3.621903813614197384e-03
3.517874923305231577e-03
3.526367077616167269e-03
3.210034329533801786e-03
3.029576050426412148e-03
2.959515777361190411e-03
2.573122756213603191e-03
2.717489379499514728e-03
2.477586020215573510e-03
2.477586020215573510e-03
2.407525747150351340e-03
2.371434091328873672e-03
2.214329236576557947e-03
2.029624880313700246e-03
2.002025378803158270e-03
1.762122019519216619e-03
1.745137710897344801e-03
1.594401971878230953e-03
1.537079930279413188e-03
1.464896618636457202e-03
1.157056024865027845e-03
1.086995751799805891e-03
1.053027134556062039e-03
1.006320285845914214e-03
8.980453183814803442e-04
8.577075854045343971e-04
7.027257692299527028e-04
6.008199174987208192e-04
5.158983743893610788e-04
4.288537927022671985e-04
3.248249023933013919e-04
2.568876679058135237e-04
1.188901603531037829e-04
3.821469439921192925e-05
2.123038577733995881e-06
