4.810471823433617815e-04
5.737259972902479559e-05
7.502570733795550870e-05
1.235717532625149444e-04
1.235717532625149444e-04
1.919775452471214280e-04
2.272837604649828678e-04
1.787377145404234050e-04
2.890696370962403264e-04
3.001028293518220348e-04
3.067227447051710599e-04
3.089293831562874015e-04
3.552687906297304684e-04
4.611874362833147064e-04
4.258812210654532937e-04
4.832538207944781232e-04
5.185600360123395359e-04
4.876670976967108066e-04
5.979990202525277279e-04
6.024122971547604113e-04
6.288919585681564031e-04
7.414305195750897203e-04
6.774380044927159200e-04
6.862645582971812867e-04
8.385226114242085374e-04
7.568769887329041121e-04
9.201682341155130711e-04
8.517624421309065875e-04
9.951939414534686883e-04
8.738288266420700043e-04
1.070219648791424089e-03
1.107732502460401789e-03
1.140832079227147022e-03
1.154071909933845072e-03
1.165105102189426672e-03
1.233510894174033156e-03
1.357082647436548073e-03
1.385768947301060407e-03
1.407835331812223824e-03
1.504927423661342857e-03
1.538027000428087874e-03
1.606432792412694358e-03
1.639532369179439375e-03
1.738831099479674642e-03
1.829303275975444542e-03
1.946255113884610543e-03
1.835923191328793459e-03
1.959494944591308376e-03
1.957288306140192360e-03
2.054380397989310960e-03
2.228704835627501844e-03
2.482468257505880595e-03
2.462608511445833846e-03
2.561907241746068896e-03
2.433922211581321295e-03
2.780364448406586180e-03
2.831117132782262364e-03
2.930415863082497414e-03
3.140046515938549332e-03
3.100327023818455398e-03
3.345263891892369217e-03
3.497521945019396467e-03
3.640953444341958351e-03
3.685086213364285185e-03
4.174959949512111954e-03
4.106554157527505904e-03
4.587601339870867739e-03
4.583188062968634839e-03
4.896530723027155141e-03
5.143674229552184542e-03
5.359924797761586243e-03
5.774772826571457178e-03
5.865245003067227729e-03
6.224927070599190447e-03
6.657428207017992983e-03
6.860438944520695984e-03
7.758540794125045638e-03
7.963758170078865523e-03
8.570583744135858509e-03
9.329667371319879179e-03
9.753341953934215047e-03
1.066689027269637942e-02
1.135094819254244512e-02
1.247854044106289431e-02
1.329940994487817212e-02
1.460794654639016067e-02
1.652772199886137425e-02
1.923306073993000589e-02
2.254522505505562879e-02
3.248171800043250096e-02
3.262073622285283081e-02
2.281884822299405646e-02
1.941841836982377903e-02
1.676162567467970668e-02
1.513533313620696492e-02
1.397022803401753825e-02
1.292648804663950983e-02
1.219388408086888656e-02
1.184744184404362168e-02
1.090300058696582787e-02
1.068233674185419500e-02
1.007992444469943405e-02
9.594463985453839314e-03
9.508405085860302530e-03
9.274501410041970095e-03
8.989845049847962344e-03
9.307600986808715546e-03
8.778007758540793543e-03
9.084730503245964928e-03
8.868479935036564094e-03
9.281121325395319879e-03
9.618737008416118964e-03
9.788648169152076514e-03
1.041092021236688508e-02
1.081473504892117507e-02
1.198866670491506581e-02
1.330161658332928813e-02
1.485729669136630696e-02
1.854679618163282417e-02
2.850094223461862794e-02
2.822069915132685222e-02
1.834599208258123892e-02
1.474917140726160654e-02
1.279188310112141375e-02
1.148555313806054121e-02
1.045505298138921062e-02
9.327460732868763163e-03
8.747114820225165843e-03
8.202075122799429990e-03
7.595249548742437004e-03
6.924431459603070001e-03
6.633155184055713333e-03
5.832145426300482279e-03
5.712986949940200045e-03
5.368751351566051176e-03
5.165740614063348175e-03
4.797231992726919657e-03
4.795025354275803640e-03
4.565534955359704106e-03
4.291911787421278171e-03
4.077867857662993353e-03
3.938849635242664370e-03
3.815277881980149235e-03
3.546067990943955767e-03
3.515175052628327201e-03
3.232725330885435899e-03
3.012061485773801731e-03
2.945862332240311698e-03
2.775951171504353714e-03
2.641346225986257196e-03
2.531014303430440329e-03
2.385376165656761995e-03
2.358896504243365895e-03
2.266217689296479328e-03
2.021280821222565943e-03
1.963908221493541276e-03
1.906535621764516393e-03
1.712351438066278542e-03
1.683665138201766208e-03
1.498307508307993724e-03
1.557886746488134841e-03
1.352669370534315390e-03
1.361495924338780757e-03
1.253370640234080123e-03
1.235717532625149606e-03
1.072426287242540539e-03
1.030500156671329938e-03
8.627956343864882959e-04
9.378213417244438046e-04
8.032163962063471789e-04
6.884711967482976284e-04
6.244786816659237197e-04
5.869658279969460195e-04
4.413276902232676855e-04
4.589807978321983647e-04
3.486488752763814434e-04
2.868629986451239847e-04
1.566713300292600153e-04
8.385226114242086187e-05
2.427302296227972121e-05
0.000000000000000000e+00
