3.491121847797280320e-04
4.438226679985594013e-05
8.111974123227257594e-05
9.853287940255098080e-05
1.246525866579685949e-04
1.325097343689478693e-04
1.741313817027840757e-04
2.078958813256409806e-04
2.236101767475995295e-04
2.422974469791178229e-04
2.779731446938345403e-04
3.119499996602314424e-04
3.306372698917497358e-04
3.435909458476885375e-04
3.792666435624053090e-04
4.181276714302217140e-04
4.304442813555406323e-04
4.652705576960974149e-04
4.971238592270944530e-04
4.983979912883344365e-04
5.436296794623502165e-04
5.767571130545871838e-04
5.962938046602654120e-04
6.302706596266623683e-04
6.616992504705794661e-04
7.009849890254758655e-04
7.477031646042715720e-04
7.432437023899320094e-04
8.058885287342262621e-04
8.073750161390060801e-04
8.753287260717998843e-04
9.296916940180349493e-04
9.515642944026528761e-04
9.632438382973518027e-04
1.057741966172643256e-03
1.080039277244341069e-03
1.076853947091241381e-03
1.151815383360854607e-03
1.190039345198051074e-03
1.243128181083046156e-03
1.307896560862740381e-03
1.348668786822416598e-03
1.383495063162973326e-03
1.469286621953125489e-03
1.499016370048722718e-03
1.590966233801534421e-03
1.645541557091309429e-03
1.729209562446061728e-03
1.800985668562575266e-03
1.839846696430391670e-03
1.907163340332565429e-03
1.981275355228018665e-03
2.058997410963651475e-03
2.163476239985322094e-03
2.279422257558151588e-03
2.373495674746362721e-03
2.445271780862876259e-03
2.585851018286343481e-03
2.718997818685911071e-03
2.838129166411840470e-03
2.906932297718794155e-03
3.084461364918217752e-03
3.226527089746464901e-03
3.322299349682996013e-03
3.512782092838358412e-03
3.683728144388043017e-03
3.837048702423908990e-03
4.088052718488165670e-03
4.299133929966906555e-03
4.510639852132727542e-03
4.779694072397882958e-03
4.989076441128303431e-03
5.309945365217214053e-03
5.602571028615306939e-03
5.893710204608620766e-03
6.242610034044808638e-03
6.682185595172568555e-03
7.003691585292098898e-03
7.581722830407926390e-03
8.009194136953907278e-03
8.655391447346068301e-03
9.247225789791993500e-03
1.014187885212593232e-02
1.099321142437771452e-02
1.211232408483341183e-02
1.327220897124878514e-02
1.510271203256341802e-02
1.722308013781012268e-02
2.102169252305329666e-02
3.072314639267730713e-02
3.081764452055259923e-02
2.121897063720193724e-02
1.765501090657044594e-02
1.562553088835885035e-02
1.397043334080824185e-02
1.300910070060274856e-02
1.198639736611420252e-02
1.135145488892966119e-02
1.067701431784668330e-02
1.028203337886231944e-02
9.818036953227460978e-03
9.547708600901066989e-03
9.350642842095963428e-03
9.258055912312532221e-03
9.131704482906243675e-03
8.980295122962238599e-03
9.023827968387933968e-03
9.134040391685183807e-03
9.149329976420062308e-03
9.438557954321516105e-03
9.707187463899591418e-03
1.008517997540075636e-02
1.056340420905279263e-02
1.128413824502748700e-02
1.197110778137932402e-02
1.300039413151760949e-02
1.450769235996439248e-02
1.665078248696987701e-02
2.015804334087619581e-02
3.026148587582138880e-02
3.006781780251292779e-02
2.037167281647741732e-02
1.671703735415434877e-02
1.450153405500173229e-02
1.296471843380289299e-02
1.173496863936286660e-02
1.078319198961667259e-02
9.957342058589687891e-03
9.377611970725542589e-03
8.650507274444647551e-03
8.150410440407993354e-03
7.645004722782840038e-03
7.297591380751432093e-03
6.862687637181551573e-03
6.470679673006747568e-03
6.113710340516040342e-03
5.821509387805027559e-03
5.488536209134337908e-03
5.275968510250817096e-03
5.008613132733981226e-03
4.815794480799679561e-03
4.652917932304514309e-03
4.385774910131218923e-03
4.208033487588255274e-03
4.058110615049028390e-03
3.801373004709192056e-03
3.711546694391780216e-03
3.567994482158753575e-03
3.383670043966050499e-03
3.186816640504488291e-03
3.040716164148981899e-03
2.883785565272935919e-03
2.814982433965982234e-03
2.648283489287097791e-03
2.610271882793441158e-03
2.445696491549956362e-03
2.347375967490945067e-03
2.184711774339319866e-03
2.125039922804585358e-03
2.013128656759015974e-03
1.838572564369151795e-03
1.801410379249655152e-03
1.652973994115208628e-03
1.624093667393771388e-03
1.472684307449765228e-03
1.380097377666333587e-03
1.298977636434061039e-03
1.220618514667808291e-03
1.096602994040459661e-03
9.880894134915295824e-04
9.090932256946567891e-04
8.298846825542440528e-04
7.519502714750711915e-04
6.317571470314421863e-04
5.196335256423324257e-04
4.457338660904191867e-04
3.438033011912285347e-04
2.516410820948769968e-04
1.446139889507267633e-04
4.459462214339591704e-05
6.370660306199417446e-07
