5.978610011238442773e-04
6.359270573751752201e-05
8.643233948831606874e-05
1.182286923570748365e-04
1.562947486084057523e-04
1.851801677638274465e-04
2.165286846766881863e-04
2.393683184274867466e-04
2.742995229875315748e-04
3.273680837614458320e-04
3.394596545706921541e-04
3.869302658958812782e-04
4.135765052718129138e-04
4.344008772210704024e-04
4.764974570754834074e-04
5.145635133268143232e-04
5.506143077766041671e-04
5.521817336222472651e-04
6.200288809407959040e-04
6.674994922659850281e-04
6.657081484423929161e-04
7.057894664952649036e-04
7.317639519373495514e-04
7.897587082261418997e-04
8.255855846979828381e-04
8.473056285590363284e-04
9.476208826801906958e-04
9.339618860253013841e-04
9.957632479392268619e-04
1.016363701910535282e-03
1.073238868309582669e-03
1.134144558311712091e-03
1.159895125775847833e-03
1.220800815777977255e-03
1.269838852948809368e-03
1.309920171001681356e-03
1.377543400342280981e-03
1.431955468983889430e-03
1.514805120825021357e-03
1.545929719759933001e-03
1.607731081673858479e-03
1.620046570461053815e-03
1.726631527964780357e-03
1.803659312379238136e-03
1.891435159735248370e-03
1.940473196906080484e-03
1.991078659922555696e-03
2.070569542094452629e-03
2.107516008456038637e-03
2.266721690777781517e-03
2.357184553869179702e-03
2.481906867586775294e-03
2.541245131743261835e-03
2.659473824100336888e-03
2.754862882706612948e-03
2.890557177343710225e-03
3.044836664150574797e-03
3.135523445219921997e-03
3.295400881475511919e-03
3.426840734531577930e-03
3.544845508910703970e-03
3.777944123955618433e-03
3.865943889289577464e-03
4.078218132385234493e-03
4.270787593421379591e-03
4.542400100673522727e-03
4.685931524538835061e-03
4.925523760944271363e-03
5.192210072681536191e-03
5.442998207984422326e-03
5.716849895016056469e-03
6.009062856239508026e-03
6.358822737795854010e-03
6.613641396701822397e-03
7.044907422231606875e-03
7.385486666692043720e-03
7.924905075571198054e-03
8.354603675255339867e-03
8.948210234798152987e-03
9.542264630296863268e-03
1.013497551792788033e-02
1.095272397339764822e-02
1.166388747136368892e-02
1.266636825864138685e-02
1.388963217217680304e-02
1.532673775465352023e-02
1.707173055681011908e-02
1.957826840197128548e-02
2.350041570372606373e-02
3.350395136859787848e-02
3.356149828893077031e-02
2.368313277373245221e-02
1.980241029789824025e-02
1.742238611027826026e-02
1.571389193852735025e-02
1.446107085190266421e-02
1.336454451388638560e-02
1.259180357198436823e-02
1.186003962004701824e-02
1.117014832998613344e-02
1.067237866500549311e-02
1.028567231708756198e-02
9.970619722113311864e-03
9.718711996920679358e-03
9.271099959000618160e-03
9.147049399216868742e-03
9.108759424987589517e-03
8.937686089834549763e-03
8.999487451748474157e-03
8.912607276304260195e-03
9.113685620502466958e-03
9.407913843527460074e-03
9.559058478643038884e-03
9.949571432186103681e-03
1.063923880426904077e-02
1.136943533036074809e-02
1.251835847521709337e-02
1.421968727167363666e-02
1.729139409317809184e-02
2.694740905627305075e-02
2.688381635053553251e-02
1.707553716243525102e-02
1.384843126423418620e-02
1.205529609681855151e-02
1.064618026158545977e-02
9.731475321663773589e-03
8.911487686414516426e-03
8.112772259070413425e-03
7.566860228830738118e-03
7.002586924399244531e-03
6.602893333760270593e-03
6.150355100325330220e-03
5.831048063770048404e-03
5.469196611404456530e-03
5.124810761318886014e-03
4.897310095722696467e-03
4.633310799720818940e-03
4.421036556625162345e-03
4.177637714594593238e-03
4.035449798596974988e-03
3.796305398147437147e-03
3.636875797847745253e-03
3.449680368282376491e-03
3.283757146622163624e-03
3.141121394668647347e-03
3.043493156282881147e-03
2.817335998554385684e-03
2.750832359103531129e-03
2.634395010570048188e-03
2.482802539498571350e-03
2.325388201000420582e-03
2.248360416585962803e-03
2.168869534414065870e-03
2.034966583600560704e-03
1.942040622751723582e-03
1.841949286608518229e-03
1.755740865098151093e-03
1.660575724469823830e-03
1.614672538990277696e-03
1.492189405052171810e-03
1.463527903874699103e-03
1.356495110415074533e-03
1.251477578756991088e-03
1.184973939306136316e-03
1.113096268384505642e-03
1.029127026653628646e-03
9.442621130109555942e-04
8.645473128611097556e-04
8.251377487420848101e-04
7.454229485922388631e-04
6.455555304269825238e-04
5.837541685130570460e-04
5.273268380699076873e-04
4.467163660082656843e-04
3.746147771086859963e-04
3.018414342752592122e-04
2.386965644936397317e-04
1.681624014397030333e-04
9.292596084883723070e-05
2.395922364054357267e-05
2.239179779490053568e-06
