3.399943900925634873e-04
3.612440394733486612e-05
7.862370270890530204e-05
7.649873777082678329e-05
1.211230014704757312e-04
1.359977560370253895e-04
1.721221599843602624e-04
2.273712483744018311e-04
1.933718093651454770e-04
2.018716691174595520e-04
2.486208977551870457e-04
3.123698458975427165e-04
3.612440394733486748e-04
3.591190745352701831e-04
3.846186537922124081e-04
3.973684434206835748e-04
4.377427772441754581e-04
4.781171110676673956e-04
5.291162695815518997e-04
5.461159890861800497e-04
5.057416552626881664e-04
6.183647969808498497e-04
6.077399722904571746e-04
7.097382893182262913e-04
6.927385698135980329e-04
7.097382893182262913e-04
7.947368868413671496e-04
7.246130438847759496e-04
7.437377283274825912e-04
8.244863959744664662e-04
8.669856947360368412e-04
8.818604493025864995e-04
8.903603090549005745e-04
1.026358065091925991e-03
9.796088364541985245e-04
1.066732398915417983e-03
9.838587663303555077e-04
1.198480225076286199e-03
1.364227490246410933e-03
1.323853156422918941e-03
1.323853156422918941e-03
1.338727910989468599e-03
1.408851753946059908e-03
1.474725667026494016e-03
1.555474334673477782e-03
1.593723703558891282e-03
1.589473773682734299e-03
1.727596494657838207e-03
1.799845302552507791e-03
1.857219355880627932e-03
1.880593970199491774e-03
1.999592006731889041e-03
2.059091024998087674e-03
2.161089342025856574e-03
2.250337869425154524e-03
2.303461992877117465e-03
2.505333661994576990e-03
2.634956523217366932e-03
2.617956803712738565e-03
2.802828753325570157e-03
2.915451895043731732e-03
3.089699019966170648e-03
3.130073353789662640e-03
3.463692849067990381e-03
3.476442638696461331e-03
3.780312624841690190e-03
3.712313746823177590e-03
4.043808277163427056e-03
4.296679104794771248e-03
4.409302246512932823e-03
4.766296356110123755e-03
5.146665080026179180e-03
5.354911643957874397e-03
5.584407857270354963e-03
5.937152036991389346e-03
6.425893972749449796e-03
6.876386539622096096e-03
7.193006315395796338e-03
7.441627213150983113e-03
8.085491589388775838e-03
8.474360173057145229e-03
9.702589907266530311e-03
9.806713189232377920e-03
1.077144727112002570e-02
1.200180197026749079e-02
1.360827546345485216e-02
1.507662623566711178e-02
1.745021207150081882e-02
2.127939888991831757e-02
3.032324966638050637e-02
3.023612610391928496e-02
2.153864461236389485e-02
1.773708233814142235e-02
1.565036676894831363e-02
1.444126171918163302e-02
1.278803899735654441e-02
1.140468682266742619e-02
1.127506396144463581e-02
1.084157111407661744e-02
1.005533408698756556e-02
9.857712347746261719e-03
9.424219500378243353e-03
9.377470271740516103e-03
9.466718799139814053e-03
8.812229598211629086e-03
9.188348392251527094e-03
8.746355685131195629e-03
9.230847691013097794e-03
9.150099023366114678e-03
9.360470552235888170e-03
9.881086962065126211e-03
1.031032987955698803e-02
1.080544671012928330e-02
1.110719173133643302e-02
1.220579860432302946e-02
1.306003450943059481e-02
1.439238752560582750e-02
1.669372455354486626e-02
2.014891754286054354e-02
3.004062932961606286e-02
3.016387729602461668e-02
1.981104811770605795e-02
1.669372455354486626e-02
1.477488121445996207e-02
1.283053829611811338e-02
1.157255905277562898e-02
1.086494572839548194e-02
9.908711506260147253e-03
9.672840398133430995e-03
9.005601407576774645e-03
8.272488503939684837e-03
7.775246708429311288e-03
7.462876862531768463e-03
6.855136890241310746e-03
6.200647689313126647e-03
6.398269428554428755e-03
5.862778264158641055e-03
5.705530858740830505e-03
5.252913326930105931e-03
4.936293551156405689e-03
4.683422723525061497e-03
4.443301685522188689e-03
4.169181208510060015e-03
4.196805752705080189e-03
4.056558066791897572e-03
3.816437028789024764e-03
3.667689483123528615e-03
3.444568164625283740e-03
3.280945864393237498e-03
3.187447407117782565e-03
3.138573213541976607e-03
2.779454139006706532e-03
2.851702946901376115e-03
2.711455260988193498e-03
2.526583311375362340e-03
2.484084012613792074e-03
2.350211221514845149e-03
2.239713044734761849e-03
2.190838851158955890e-03
1.933718093651454716e-03
1.850844461066392457e-03
1.723346564781681007e-03
1.629848107506226074e-03
1.487475456654965182e-03
1.453476017645708883e-03
1.228229734209385516e-03
1.257979243342484833e-03
1.189980365323972233e-03
9.923586260826696911e-04
1.036982889782318666e-03
9.626091169495703745e-04
8.606107999218012578e-04
8.521109401694871828e-04
5.928652177239075163e-04
5.461159890861800497e-04
4.356178123060969664e-04
3.548691446591131456e-04
2.528708276313440832e-04
1.848719496128313749e-04
4.249929876157043591e-05
2.124964938078521711e-06
