6.049633885119692607e-04
4.929331313801231621e-05
8.962420570547693856e-05
1.075490468465723263e-04
2.218199091210554263e-04
1.904514371241384911e-04
1.994138576946861714e-04
2.778350376869785231e-04
2.823162479722523361e-04
2.935192736854369501e-04
3.024816942559846304e-04
4.548428439552954666e-04
4.660458696684800805e-04
4.077901359599200772e-04
4.257149771010154378e-04
5.220609982344030960e-04
5.803167319429631535e-04
5.377452342328615771e-04
6.542567016499815837e-04
6.945875942174462806e-04
6.789033582189877994e-04
7.304372764996370018e-04
7.102718302159047618e-04
7.998960359213816733e-04
8.043772462066555405e-04
7.461215124980954830e-04
9.231293187664124265e-04
9.567383959059662683e-04
9.970692884734308568e-04
1.028437760470347819e-03
1.131505597031646224e-03
1.091174704464181744e-03
1.149430438172741693e-03
1.234573433592944846e-03
1.274904326160409326e-03
1.447430922143452510e-03
1.447430922143452510e-03
1.411581239861261789e-03
1.371250347293797092e-03
1.431746686144994138e-03
1.626679333554406333e-03
1.671491436407144789e-03
1.761115642112621700e-03
1.790243508966901783e-03
1.917958002097206512e-03
1.920198607239843392e-03
1.971732525520492486e-03
2.086003387794975721e-03
2.128574885505077081e-03
2.354876004911406456e-03
2.348154189483495601e-03
2.388485082050960297e-03
2.527402600894449423e-03
2.574455308889824975e-03
2.841087320863619047e-03
3.009132706561388256e-03
3.242155641395628052e-03
3.239915036252991390e-03
3.325058031673194109e-03
3.407960421950760599e-03
3.448291314518225296e-03
3.768697849915305341e-03
3.925540209899889936e-03
4.044292282459646497e-03
4.326608530431898941e-03
4.519300572698674474e-03
4.662699301827437359e-03
4.936053129229142286e-03
5.292309346908412836e-03
5.307993582906871642e-03
5.693377667440422708e-03
5.982415730840585574e-03
6.495514308504440719e-03
6.632191222205293182e-03
7.259560662143631563e-03
7.514989648404240587e-03
7.629260510678723822e-03
8.205096032336413325e-03
9.061007196823718177e-03
9.493443989352643927e-03
9.981895910447494483e-03
1.107531122005431246e-02
1.157720677200498385e-02
1.285435170330802984e-02
1.388727067406365055e-02
1.553635605904442676e-02
1.660288410693960132e-02
1.948430232037068680e-02
2.351739157711714781e-02
3.371214497611514649e-02
3.386674673095709659e-02
2.368319635767228079e-02
1.955824229007770490e-02
1.698602758633051615e-02
1.570888265502747017e-02
1.455945221685472739e-02
1.389623309463419894e-02
1.260116332219005791e-02
1.191777875368579473e-02
1.114476997947605637e-02
1.052412235496562841e-02
1.051291932925244380e-02
9.858662627602463729e-03
9.502406409923192313e-03
9.359007680794428560e-03
9.392616757933982402e-03
9.040841750539985178e-03
8.850390313415846741e-03
8.991548437401974264e-03
9.049804171110533563e-03
9.271624080231589612e-03
9.439669465929358821e-03
9.406060388789804980e-03
9.874346863600920801e-03
1.043001693897487904e-02
1.130609354974591516e-02
1.246000519820393039e-02
1.408220332147306318e-02
1.727058443944540569e-02
2.687381808078725953e-02
2.648619339111107224e-02
1.689640338062503924e-02
1.378644344264498903e-02
1.230316283821934580e-02
1.086917554693171521e-02
9.686136031619420328e-03
8.899683626553859389e-03
8.187171191195318290e-03
7.537395699830610682e-03
6.910026259892271434e-03
6.851770526183711268e-03
5.935363022845210022e-03
5.903994550848293277e-03
5.446911101750360334e-03
5.169076064063382082e-03
4.853150738951575796e-03
4.559631465266138738e-03
4.476729074988573115e-03
4.259390376152791258e-03
3.907615368758794033e-03
3.795585111626948328e-03
3.593930648789625277e-03
3.486381601943052896e-03
3.248877456823538908e-03
3.148050225404877382e-03
2.962079998566012704e-03
2.805237638581428109e-03
2.668560724880575646e-03
2.682004355736397356e-03
2.388485082050960297e-03
2.213717880925280233e-03
2.323507532914489710e-03
2.157702752359357164e-03
1.938123448380938644e-03
1.976213735805766245e-03
1.917958002097206512e-03
1.691656882690877137e-03
1.725265959830430979e-03
1.619957518126495695e-03
1.472077578712458618e-03
1.418303055289172427e-03
1.425024870717083282e-03
1.223370407879760232e-03
1.180798910169658655e-03
1.147189833030104814e-03
9.634602113338770150e-04
9.925880781881570979e-04
8.872796364842217053e-04
9.141668981958646920e-04
8.110990616345662872e-04
7.416403022128216158e-04
5.511888650886831789e-04
4.929331313801231214e-04
5.198203930917662165e-04
3.876246896761877288e-04
3.271283508249907919e-04
2.397447502621508140e-04
1.971732525520492648e-04
9.858662627602463242e-05
3.136847199691692850e-05
0.000000000000000000e+00
