1.759161899926982785e-04
3.795452044363010981e-05
5.803627729211164709e-05
7.088860167513983529e-05
1.082406694133154903e-04
1.297281492411907374e-04
1.500107236581570884e-04
1.721006561914867903e-04
1.851537981429997922e-04
2.116617171829954236e-04
2.259197645454173080e-04
2.512227781745040569e-04
2.917879270084367590e-04
3.046402513914649472e-04
3.120705014254031100e-04
3.373735150544898589e-04
3.622748935466069261e-04
3.783402990253921885e-04
4.265365154617478671e-04
4.333643127902315887e-04
4.654951237478020592e-04
4.711180156653768983e-04
5.169044212799148120e-04
5.295559280944581865e-04
5.538548538811208666e-04
5.753423337089960459e-04
6.287598069259569362e-04
6.576775367877703326e-04
6.558701786714070088e-04
7.080827464774590166e-04
7.396111047295751001e-04
7.799754359950229884e-04
8.147168753428959834e-04
8.331920916434990649e-04
8.757654161622799045e-04
9.024741527707603496e-04
9.285804366737863535e-04
9.755717476992330954e-04
1.004690295129531414e-03
1.062124119716188579e-03
1.085017322523457563e-03
1.150684667417992092e-03
1.152692843102840229e-03
1.232819052928281565e-03
1.267560492276154777e-03
1.296879857274937800e-03
1.343067898026445179e-03
1.402509898297950698e-03
1.496693337917328996e-03
1.514164466375508009e-03
1.604532372193674845e-03
1.631843561507609732e-03
1.715785305134262528e-03
1.810169562322125857e-03
1.849730623313634382e-03
1.945319785912406592e-03
2.066613597277235179e-03
2.108785286659046500e-03
2.205780172237211973e-03
2.327877253875980032e-03
2.421458240789903672e-03
2.509617153354737774e-03
2.661836870266227895e-03
2.791565019507418442e-03
2.902014682174066870e-03
2.975313094671024755e-03
3.152434190074631781e-03
3.342005974724297692e-03
3.505270657902452569e-03
3.675764773546060741e-03
3.883209321790875076e-03
4.050490356338726228e-03
4.362560857764129392e-03
4.603943575082877250e-03
4.859985974901017379e-03
5.140126482937334290e-03
5.432316045082740893e-03
5.830738100956614836e-03
6.183373751215950377e-03
6.667344091264355843e-03
7.157941411072759295e-03
7.739308271836300296e-03
8.420481464136793728e-03
9.231382805678478576e-03
1.014209047875711672e-02
1.128253345018238180e-02
1.282641891669364376e-02
1.487274993955391145e-02
1.822981723191456974e-02
2.738288118588396922e-02
2.749493738909849702e-02
1.855574414556542678e-02
1.537941266484110087e-02
1.359093139991533576e-02
1.226814607630585634e-02
1.130422174757874341e-02
1.057023353476674310e-02
1.000051409297532043e-02
9.659525861688104953e-03
9.245440035472415538e-03
9.035184041268812943e-03
8.753838627821588017e-03
8.754842715664011218e-03
8.747814100767043605e-03
8.745404289945225840e-03
8.814284715935516087e-03
8.980963297777913232e-03
9.201460987974240460e-03
9.457503387792380589e-03
9.685230510454161112e-03
1.013144714762742073e-02
1.065598263650975770e-02
1.125220999734117579e-02
1.205768926453376980e-02
1.284389004515182169e-02
1.425182201779886214e-02
1.589009174149798656e-02
1.816736296811579179e-02
2.195879866110910655e-02
3.201554167326017830e-02
3.216896629558257253e-02
2.227910268284238882e-02
1.867743959206722565e-02
1.645438910894031839e-02
1.476390681743514240e-02
1.339111791927294348e-02
1.245691459068158299e-02
1.169240210745989099e-02
1.087005416451457089e-02
1.015835670180438577e-02
9.606710841176598070e-03
9.054060892706385436e-03
8.660458458476148758e-03
8.168053780551380247e-03
7.858794725084765342e-03
7.372615391783026925e-03
7.110548464910343251e-03
6.757912814651006843e-03
6.630996111368603688e-03
6.243819839329880182e-03
5.987978257080224867e-03
5.718280262605118271e-03
5.549995140214842616e-03
5.305198524231852925e-03
5.138921577526425408e-03
4.951157150993122820e-03
4.735880717577400749e-03
4.534059061250162066e-03
4.357138783415039421e-03
4.145477066232043997e-03
3.994863889868431953e-03
3.865135740627241839e-03
3.710104577756964325e-03
3.621142394918190968e-03
3.445025387357008011e-03
3.316903778663695540e-03
3.186573176717050551e-03
3.073914520797069172e-03
2.892174621318310997e-03
2.685734160915920730e-03
2.599583424035935200e-03
2.536325889963218436e-03
2.372860389216578745e-03
2.247751044050538480e-03
2.142924273301464837e-03
2.006769961868760249e-03
1.832259494855455586e-03
1.744502217427591111e-03
1.633048466918518614e-03
1.492275351410663094e-03
1.390059209051892029e-03
1.288043884261605779e-03
1.107910525330726547e-03
9.723586666034760755e-04
8.283724699998634266e-04
7.010541315804905355e-04
5.383919011077899913e-04
4.297495965575048871e-04
2.393745416338999375e-04
8.354010848968319619e-05
2.008175684848153983e-06
