1.787992325695860602e-04
3.415266240093216819e-05
5.826042409570781234e-05
7.232328508432694599e-05
1.064759474852591142e-04
1.506735105923477929e-04
1.205388084738782343e-04
1.828171928520486698e-04
2.049159744055930091e-04
1.948710736994364715e-04
2.511225176539130062e-04
2.752302793486886639e-04
2.872841601960764656e-04
3.093829417496208050e-04
2.973290609022330032e-04
3.033560013259269041e-04
3.736703062690225046e-04
4.640744126244312345e-04
4.701013530481251354e-04
4.901911544604382106e-04
4.701013530481251354e-04
5.223348367201389791e-04
5.384066778499894176e-04
5.504605586973773277e-04
5.846132210983094688e-04
5.705503601096902945e-04
6.408646650527859492e-04
6.047030225106224356e-04
7.071610097134189673e-04
6.750173274537180903e-04
7.192148905608067690e-04
7.493495926792763818e-04
8.658704408706919793e-04
8.276998181872972015e-04
8.618524805882293426e-04
8.678794210119232435e-04
9.120769841190120306e-04
9.341757656725563699e-04
1.024579872027965100e-03
1.020561911745502355e-03
1.114983978383373613e-03
1.062750494711359878e-03
1.159181541490462292e-03
1.354052615189898926e-03
1.193334203891394541e-03
1.297801171235422445e-03
1.358070575472361454e-03
1.315881992506504148e-03
1.354052615189898926e-03
1.390214257732062331e-03
1.558968589595491772e-03
1.681516378210601379e-03
1.707633120046608355e-03
1.695579239199220553e-03
1.952728697276827352e-03
1.916567054734663947e-03
2.065231585185780313e-03
2.041123823491004709e-03
2.223941016343053325e-03
2.332425943969543974e-03
2.495153335409279298e-03
2.569485600634837698e-03
2.667925627555171701e-03
2.750293813345655158e-03
2.917039165067853226e-03
3.194278424557773100e-03
3.236467007523630840e-03
3.316826213172882707e-03
3.523751167719706926e-03
3.702550400289293230e-03
3.817062268339477347e-03
4.011933342038914198e-03
4.226894217150663040e-03
4.642753106385543067e-03
4.682932709210169651e-03
5.259510009743553413e-03
5.619117455023956743e-03
5.803943628017236948e-03
6.237883338523198679e-03
6.671823049029160409e-03
7.290588932528402344e-03
7.905336855745180233e-03
8.479905176137333273e-03
9.275461312064929922e-03
1.026187056140949981e-02
1.157373459363354208e-02
1.284742800317418936e-02
1.496690205217321434e-02
1.811698291362389898e-02
2.722368989382539795e-02
2.729802215905095808e-02
1.862123692907295680e-02
1.552539853143551640e-02
1.346418490653219883e-02
1.257018874368426818e-02
1.119604632708205705e-02
1.057728044358281598e-02
9.948469659377416965e-03
9.757616545960443727e-03
9.255371510652617498e-03
8.950006529185459275e-03
8.825449760429118079e-03
8.827458740570349668e-03
8.859602422830049895e-03
8.706919932096471651e-03
8.821431800146654900e-03
8.933934688055608295e-03
8.925898767490683672e-03
9.333721736160637342e-03
9.896236175705402580e-03
1.014133175293562179e-02
1.046075959539139941e-02
1.090675318674474981e-02
1.231705724588912435e-02
1.271684429399415339e-02
1.416130101553946148e-02
1.603768846744950058e-02
1.769710606410655751e-02
2.187779373800890007e-02
3.178608379456169392e-02
3.225417616746858313e-02
2.224744608399546048e-02
1.848060831918676636e-02
1.636515223047020282e-02
1.515172822516649455e-02
1.329944853495123279e-02
1.257621568410796295e-02
1.165610277942402510e-02
1.089469930589736200e-02
1.046879551595632403e-02
9.530601790001305348e-03
9.116751880907656910e-03
8.793306078169417853e-03
8.234809598907114059e-03
7.784798047271303083e-03
7.545729410464777770e-03
7.089690918405271158e-03
6.782316956796882214e-03
6.418691551234015705e-03
6.181631894568721981e-03
5.998814701716673366e-03
5.490542725985153236e-03
5.578937852199331027e-03
5.267545930308478903e-03
5.390093718923588510e-03
5.040531174349341392e-03
4.658824947515394048e-03
4.544313079465209064e-03
4.248992998704207921e-03
4.375558747601779840e-03
3.915502295259811784e-03
3.911484334977348605e-03
3.706568360571755542e-03
3.503661366307394068e-03
3.332898054302733254e-03
3.354996835856277702e-03
3.103874318202364587e-03
2.878868542384458665e-03
2.858778740972145373e-03
2.718150131085954064e-03
2.583548461623456655e-03
2.607656223318232692e-03
2.396713308488945728e-03
2.219923056060591014e-03
2.205860195071971622e-03
1.908531134169738673e-03
1.890450312898656971e-03
1.826162948379255217e-03
1.667453517221982205e-03
1.508744086064709193e-03
1.325926893212660577e-03
1.295792191094191073e-03
1.092885196829829382e-03
9.602925075085632376e-04
8.256908380460659374e-04
7.091699898546503398e-04
5.524695388386085919e-04
4.158588892348799191e-04
2.330416963828312493e-04
8.638614607294606610e-05
0.000000000000000000e+00
