4.545415002914285482e-04
5.654583257213943341e-05
5.437099285782637958e-05
1.043923062870266515e-04
1.022174665727135977e-04
1.544136197162269031e-04
1.718123374307313608e-04
2.544562465746274334e-04
1.957355742881749529e-04
3.066523997181407795e-04
3.066523997181407795e-04
3.544988734330279637e-04
3.871214691477237982e-04
3.349253160042105063e-04
4.588911797200546558e-04
4.828144165774982208e-04
5.241363711494462707e-04
4.828144165774982208e-04
5.437099285782637280e-04
6.002557611504031818e-04
6.024306008647163169e-04
5.937312420074641016e-04
6.394028760080382049e-04
7.089977468660559274e-04
7.742429382954475964e-04
7.416203425807517619e-04
8.286139311532740234e-04
8.634113665822828847e-04
8.916842828683525573e-04
8.742855651538481267e-04
9.177823594401093117e-04
1.022174665727136004e-03
1.111343094013971184e-03
1.061321780584770919e-03
1.096119216013779780e-03
1.183112804586301933e-03
1.228784438586876145e-03
1.222259919443937064e-03
1.341876103731155052e-03
1.409296134874859748e-03
1.459317448304060013e-03
1.339701264016842025e-03
1.659402702020861074e-03
1.591982670877156378e-03
1.759445328879261604e-03
1.742046611164757173e-03
1.796417604022583492e-03
1.913858948595488453e-03
1.850788596880409810e-03
2.020426094596828280e-03
2.068272568311715302e-03
2.159615836312863725e-03
2.324903654600655924e-03
2.411897243173178294e-03
2.455394037459439262e-03
2.579359901175283520e-03
2.731598681177197126e-03
2.759871597463266907e-03
3.023027202895146610e-03
3.181790502039999729e-03
3.068698836895720605e-03
3.320980243756035174e-03
3.455820306043444565e-03
3.568911971187723256e-03
3.771172064618837777e-03
4.132195457194804550e-03
4.203965167767135733e-03
4.443197536341571274e-03
4.684604744630321144e-03
5.019530060634531596e-03
5.295734704352289025e-03
5.552365790641229648e-03
5.863367869787996373e-03
6.128698314934189102e-03
6.374455202651564158e-03
6.768101190942227632e-03
7.120425224660942298e-03
7.683708710668023592e-03
8.162173447816896410e-03
8.708058216109473490e-03
9.364859809832015367e-03
9.921618776696157146e-03
1.055884681298988222e-02
1.182895320614870717e-02
1.267931553444511146e-02
1.413428330332054499e-02
1.615905907734600105e-02
1.834042331080199331e-02
2.197240563370479738e-02
3.190924828840114441e-02
3.198101799897347386e-02
2.242042261485328522e-02
1.858183051909074318e-02
1.664839801306643857e-02
1.442353698532418231e-02
1.346225783159781149e-02
1.271193813015980729e-02
1.174848413671912388e-02
1.117650129185479048e-02
1.070238623413454458e-02
1.021087245869979447e-02
9.971640090125357195e-03
9.567119903263129888e-03
9.371384328974954880e-03
9.136501639829144525e-03
9.240893946116171542e-03
9.232194587258919435e-03
8.927717027255090490e-03
9.251768144687736242e-03
9.125627441257579825e-03
9.584518620977634101e-03
9.941192334124975688e-03
9.715009003836417439e-03
1.038703447555915094e-02
1.146575497385842607e-02
1.230741794329757825e-02
1.393854772903236998e-02
1.605031709163034712e-02
1.931910118224286835e-02
2.926464319579646922e-02
2.920809736322433139e-02
1.883411192595105602e-02
1.520865412219119493e-02
1.383850510217396988e-02
1.208775913215196125e-02
1.091769536585153640e-02
9.943367173839288281e-03
8.938591225826656925e-03
8.629763986394202793e-03
7.931640438099711241e-03
7.309636279806178659e-03
6.918165131229828645e-03
6.520169463510539117e-03
6.098250558933806728e-03
5.885116266931127507e-03
5.515393515497907760e-03
5.204391436351141036e-03
4.954284869205139927e-03
4.534540804342720131e-03
4.569338239771728559e-03
4.364903306626301445e-03
4.219189045767327353e-03
4.014754112621899372e-03
3.753773346904333130e-03
3.438421588328940352e-03
3.547163574044592989e-03
3.094796913467477359e-03
3.292707327469965393e-03
3.044775600038277311e-03
2.814242590321093442e-03
2.818592269749719496e-03
2.696801245748188264e-03
2.677227688319371024e-03
2.361875929743977812e-03
2.163965515741489778e-03
2.103070003740724163e-03
2.011726735739576173e-03
1.970404781167627798e-03
1.852963436594723054e-03
1.724647893450252743e-03
1.602856869448721728e-03
1.578933632591278001e-03
1.431044532017990232e-03
1.444093570303868609e-03
1.354925142017033429e-03
1.270106393158824303e-03
1.098294055728092807e-03
1.067846299727709999e-03
8.982088020112917459e-04
8.655862062965959114e-04
7.981661751528912156e-04
6.785499908656732280e-04
5.219615314351332440e-04
5.067376534349418401e-04
4.784647371488721132e-04
3.762472705761585562e-04
2.762046437177580259e-04
2.501065671460013257e-04
1.239658637158441495e-04
3.044775600038277053e-05
0.000000000000000000e+00
