2.630486516701534337e-04
5.137668977932684125e-05
3.699121664111532407e-05
8.631283882926908950e-05
8.425777123809602724e-05
1.171388526968651997e-04
1.726256776585381790e-04
1.644054072938459028e-04
1.890662183879227856e-04
2.671587868524995853e-04
2.445530433495957784e-04
2.671587868524995853e-04
2.856543951730572406e-04
3.062050710847879988e-04
3.247006794053456540e-04
3.760773691846724682e-04
3.884077747317109231e-04
4.007381802787493780e-04
4.089584506434416813e-04
4.870510191080184540e-04
4.582800728315954467e-04
5.384277088873452681e-04
5.610334523902491292e-04
5.384277088873452681e-04
5.898043986666721365e-04
5.671986551637683838e-04
6.658418995400759146e-04
7.377692652311334870e-04
6.761172374959412666e-04
7.583199411428641909e-04
7.665402115075564942e-04
7.316040624576142324e-04
8.261371716515756658e-04
9.165601456631908934e-04
9.514962947131331552e-04
9.556064298954792527e-04
9.864324437630753086e-04
1.072745282592344439e-03
1.099461161277594506e-03
1.122066904780498258e-03
1.175498662150998175e-03
1.222765216747978946e-03
1.290582447256690204e-03
1.259756433389094257e-03
1.411831435135901596e-03
1.430327043456459252e-03
1.479648665644613071e-03
1.494034138782824629e-03
1.479648665644613071e-03
1.646109140529631969e-03
1.748862520088285705e-03
1.921488197746823966e-03
1.812569615414651083e-03
1.851615899646939442e-03
1.882441913514535390e-03
2.024241577305477702e-03
2.266739553063900486e-03
2.223583133649265596e-03
2.420869622401880875e-03
2.324281445616746284e-03
2.546228745463438147e-03
2.731184828669015133e-03
2.821607802680630144e-03
2.924361182239283881e-03
3.183299698727091055e-03
3.318934159744514004e-03
3.394971660617917674e-03
3.596368284552879050e-03
3.653910177105724848e-03
3.869692274178897565e-03
4.087529438843243330e-03
4.432780794160319851e-03
4.724600392106896238e-03
4.965043300274146407e-03
5.184935532529665221e-03
5.499360873979145144e-03
5.813786215428625066e-03
6.288506828989605391e-03
6.703630482406566435e-03
7.338646368079046294e-03
7.951056510248622616e-03
8.302473068339217416e-03
9.253969363052351113e-03
9.925976465365946716e-03
1.087130755730555953e-02
1.236328662849721198e-02
1.387787144319176623e-02
1.614461099625566845e-02
2.006362489262271745e-02
2.839075877205601145e-02
2.837431823132662706e-02
2.033694888224873640e-02
1.674469073287820561e-02
1.446562077426726510e-02
1.277635521432299824e-02
1.190295148807444213e-02
1.093501465263192578e-02
1.075416870460869402e-02
9.884875113542484007e-03
9.621826461872330302e-03
9.406044364799158453e-03
9.204647740864196209e-03
9.062848077073254113e-03
9.062848077073254113e-03
8.655944694020986999e-03
9.079288617802640238e-03
8.986810576199851311e-03
8.853231182773601410e-03
9.278630174146427698e-03
9.769791328436791544e-03
1.000612410142169562e-02
1.033287984841821383e-02
1.087541769248790563e-02
1.195638324544494313e-02
1.302090825767259451e-02
1.392513799778874808e-02
1.532669409496878292e-02
1.776194919050887513e-02
2.132954652878533280e-02
3.222345982959379240e-02
3.189259394741492809e-02
2.128433504177952573e-02
1.822228433093164499e-02
1.515817855249259119e-02
1.398679002552393955e-02
1.267771196994669190e-02
1.200570486763309630e-02
1.131725722459011631e-02
1.035548559192111910e-02
9.332061931516926964e-03
9.145050780720177797e-03
8.621008544971043436e-03
7.983937591707391396e-03
7.579089276246295595e-03
7.092038257138276978e-03
6.639923387080201057e-03
6.557720683433278241e-03
6.364544329863009060e-03
5.949420676446048016e-03
5.863107837616779103e-03
5.326735196320607317e-03
5.271248371358934134e-03
5.106842964065088503e-03
4.759536541156838933e-03
4.599241269045338532e-03
4.473882145983781693e-03
4.223163899860666280e-03
3.976555788919897833e-03
3.859416936223032321e-03
3.834756125128955303e-03
3.370310849523840656e-03
3.415522336529648595e-03
3.228511185732898560e-03
3.142198346903629647e-03
3.105207130262514336e-03
2.747625369398399523e-03
2.737350031442534280e-03
2.505127393639976739e-03
2.570889556557515165e-03
2.531843272325226806e-03
2.406484149263669100e-03
2.063287861537766062e-03
2.034516915261342946e-03
2.050957455990727336e-03
1.818734818188170229e-03
1.812569615414651083e-03
1.652274343303151332e-03
1.504309476738689873e-03
1.434437178638805349e-03
1.230985487112671141e-03
1.093295958504075143e-03
1.080965552957036850e-03
8.569631855191717218e-04
8.076415633310180106e-04
6.678969671312489633e-04
6.494013588106913081e-04
4.438945996933838889e-04
2.918195979465764409e-04
2.589385164878072821e-04
7.809256846457679978e-05
0.000000000000000000e+00
