7.761921736830605667e-05
1.811115071927141458e-04
2.989777261594011313e-04
5.548336648919655056e-04
6.037050239757138373e-04
8.221887469383531381e-04
8.595609627082782117e-04
9.371801800765843090e-04
1.244782263721352748e-03
1.167163046353046759e-03
1.302277980290468280e-03
1.331025838575026262e-03
1.454641629198624633e-03
1.696123638788910124e-03
1.716247139588100582e-03
1.782367213642583638e-03
1.923231719236916841e-03
2.035348366546692062e-03
2.164713728827202550e-03
2.202085944597127407e-03
2.360199165162195443e-03
2.457941883329691889e-03
2.584432459781746318e-03
2.449317525844324581e-03
2.774168324459827528e-03
2.713797822062256372e-03
2.917907615882616573e-03
3.124892195531432833e-03
3.285880201924956494e-03
3.397996849234731932e-03
3.449742994146936213e-03
3.751595506134792861e-03
3.558984855628255593e-03
3.791842507733173776e-03
4.085070662235663549e-03
4.363924887595874332e-03
4.441544104964180104e-03
4.579533824730057899e-03
4.904384623345560412e-03
5.030875199797614841e-03
5.145866632935845904e-03
5.404597357496866879e-03
5.594333222174947655e-03
5.838690017593689205e-03
5.999678023987212866e-03
6.382024539171831344e-03
6.609132619619838278e-03
7.066223566344307337e-03
7.540563228039511012e-03
7.730299092717592656e-03
8.204638754412796331e-03
8.776721134275496453e-03
9.274059082598345993e-03
9.992755539712291218e-03
1.082931821579292270e-02
1.172050182261421582e-02
1.301703023124777155e-02
1.486551751894483846e-02
1.721709232662166703e-02
2.448167611512942418e-02
2.455642054666927476e-02
1.713659832342490433e-02
1.481952094568954673e-02
1.316364430849901665e-02
1.204535262122971920e-02
1.112542115612386896e-02
1.032910548164161710e-02
1.011637133033588959e-02
9.363177443280475132e-03
9.032577073008061369e-03
9.196439865230041089e-03
8.871589066614537708e-03
8.696227131078735489e-03
8.983705713924311845e-03
8.860089923300713474e-03
8.865839494957625591e-03
8.989455285581223962e-03
9.115945862033278391e-03
9.596035095385393315e-03
9.665029955268331779e-03
1.050446741717742105e-02
1.090406264733277328e-02
1.147614502719547340e-02
1.279279693662822154e-02
1.352874210871290138e-02
1.522486574750181107e-02
1.713659832342490433e-02
1.970090728240746214e-02
2.389809459195289809e-02
3.713073376033485667e-02
3.652990352218759423e-02
2.367673608316180414e-02
1.955141841932776098e-02
1.675425180824028498e-02
1.455791543530006969e-02
1.288479008313880673e-02
1.146464588388165090e-02
1.032623069581316277e-02
9.299932155054448785e-03
8.822717707530788184e-03
8.247760541839633738e-03
7.764796522659061888e-03
7.235835930223198306e-03
6.451019399054770675e-03
6.005427595644124115e-03
5.959431022388832384e-03
5.487966146522083900e-03
5.154490990421213212e-03
4.852638478433356564e-03
4.464542391591826836e-03
4.369674459252785581e-03
4.082195876407207491e-03
3.958580085783609120e-03
3.717098076193323629e-03
3.492864781573772753e-03
3.403746420891643615e-03
3.268631486954221878e-03
3.035773834849303694e-03
2.892034543426514649e-03
2.874785828455780033e-03
2.748295252003725604e-03
2.547060244011821028e-03
2.388947023446753425e-03
2.411945310074399291e-03
2.196336372940216157e-03
2.190586801283304474e-03
1.966353506663753598e-03
1.891609075123903234e-03
1.926106505065372683e-03
1.831238572726331861e-03
1.650127065533617743e-03
1.785241999471039480e-03
1.690374067131998658e-03
1.523636489081563530e-03
1.463265986683991941e-03
1.391396340972597635e-03
1.293653622805100972e-03
1.322401481089658737e-03
1.348274553545760878e-03
1.175787403838414067e-03
1.262030978692087364e-03
1.230408334579073757e-03
1.126916044754665844e-03
1.126916044754665844e-03
1.175787403838414067e-03
1.014799397444890406e-03
8.451870335659993289e-04
8.969331784782033938e-04
9.055575359635707018e-04
7.991904603107068388e-04
8.279383185952646045e-04
7.416947437415911991e-04
7.531938870554143487e-04
6.238285247749042950e-04
7.215712429424007415e-04
6.037050239757138373e-04
6.755746696871083598e-04
5.490840932350540392e-04
5.117118774651288572e-04
4.944631624943941327e-04
5.174614491220404320e-04
4.484665892391016969e-04
4.858388050090268247e-04
3.622230143854282916e-04
4.369674459252785473e-04
3.392247277577820465e-04
3.191012269585915889e-04
3.162264411301358015e-04
2.903533686740337690e-04
2.529811529041086412e-04
2.271080804480066358e-04
2.213585087910950610e-04
1.293653622805101080e-04
1.466140772512447782e-04
1.236157906235985332e-04
1.149914331382311981e-04
6.612007405448294770e-05
5.174614491220403778e-05
2.299828662764624165e-05
8.624357485367340194e-06
5.749571656911560412e-06
