7.817868946648505305e-05
2.144165527279332623e-04
3.477801994648783783e-04
4.854551709885781478e-04
6.176691311157219560e-04
7.113685898145239188e-04
8.343850570632577526e-04
9.214738177557024734e-04
1.050526139705892882e-03
1.175841980174229277e-03
1.274427606964686479e-03
1.391408219511963739e-03
1.508676253711691440e-03
1.641465057143735862e-03
1.684003461706382217e-03
1.824840071407035332e-03
1.917677265148486293e-03
1.984933931821859614e-03
2.089842834966223507e-03
2.230392023014426614e-03
2.316905940401970884e-03
2.428712963205142353e-03
2.547130684014671173e-03
2.601740797980230460e-03
2.784828390591079922e-03
2.867318404844319303e-03
2.999532364971463274e-03
3.116800399171190759e-03
3.249014359298334730e-03
3.376629572986273795e-03
3.494472450490901730e-03
3.627548675575396377e-03
3.717511652792344651e-03
3.901461510360544789e-03
4.021603761084775394e-03
4.249241709825423222e-03
4.455610456284747438e-03
4.550459601593350410e-03
4.722337749758638049e-03
4.954287023286039690e-03
5.205206125875163140e-03
5.358689288283630288e-03
5.669392094582417947e-03
5.909101752725978707e-03
6.154272422266095915e-03
6.454053205771771544e-03
6.767055385290161873e-03
7.162835000714243110e-03
7.420652222962173701e-03
7.876790385400818731e-03
8.302749274332183599e-03
8.934789488070421157e-03
9.378281097801253671e-03
9.950250186177374626e-03
1.079814406090579861e-02
1.170409710942918284e-02
1.303026061383492570e-02
1.463464827781257166e-02
1.725076015841531946e-02
2.453115061498173724e-02
2.453258772324399054e-02
1.712831853447148445e-02
1.461136712396409604e-02
1.293052530043466847e-02
1.176359339148639813e-02
1.103842856235425982e-02
1.028308445971483701e-02
9.914609901273536280e-03
9.323958405488143308e-03
9.274809302919141338e-03
8.947148619125783880e-03
8.845688775810824425e-03
8.719510670385136053e-03
8.832179958145659066e-03
8.792228348455066039e-03
8.919843562143004237e-03
9.115002864156767498e-03
9.211576539380070955e-03
9.615116539420310443e-03
9.958297992445984403e-03
1.036068830587642126e-02
1.103382981591505448e-02
1.158826618349170778e-02
1.244507012944609005e-02
1.370512665378826114e-02
1.517298903285200715e-02
1.696247624100765544e-02
1.974270588515952829e-02
2.424775286566573096e-02
3.695638865040875437e-02
3.678106144241406750e-02
2.416325089984533783e-02
1.945068548627001265e-02
1.643591977371868310e-02
1.444063866240861103e-02
1.287965166795096254e-02
1.147013588433462919e-02
1.046358525745363401e-02
9.574302664772367175e-03
8.819820827090296342e-03
8.204163647541725529e-03
7.605751767140174306e-03
7.028321667367496035e-03
6.600063405216530232e-03
6.201696994920397402e-03
5.779474587470887631e-03
5.488316453538721364e-03
5.235385399382445903e-03
4.866048575983794068e-03
4.625476652882882199e-03
4.358461937756541796e-03
4.123925869357086826e-03
3.927904302385973323e-03
3.709751268176185966e-03
3.566327863603480173e-03
3.399048461877397873e-03
3.219984772400853301e-03
3.059603490333578577e-03
2.896635413394251391e-03
2.829091325068428062e-03
2.696877364941284091e-03
2.521262735294143090e-03
2.377551909068986637e-03
2.249649273728597347e-03
2.224068746660519489e-03
2.214008988824758568e-03
2.094729003057879072e-03
1.991832051480667189e-03
1.902731339221070024e-03
1.854731923261867870e-03
1.761607307867966467e-03
1.698374544328897819e-03
1.643477008710888089e-03
1.594327906141884601e-03
1.460964259404939512e-03
1.413252265098187584e-03
1.388821424639911060e-03
1.323576709533689968e-03
1.284487364800447401e-03
1.226715612657934551e-03
1.189925641144294654e-03
1.122381552818471108e-03
1.091052592701387009e-03
1.047364501528939536e-03
1.034717948821125720e-03
9.901675926913273539e-04
9.042285186086837512e-04
9.226235043655038083e-04
8.772108832783543329e-04
8.409957550696149945e-04
8.059303134706767742e-04
7.711522935241889960e-04
7.435598148889589103e-04
6.794647863925392609e-04
6.521597294097595090e-04
6.133578063289672755e-04
5.788672080349298310e-04
5.751307265530757095e-04
5.765678348153272697e-04
4.983891453488422437e-04
4.857425926410284815e-04
4.607369088778512367e-04
4.455035612979846879e-04
4.044022649975899473e-04
3.647380769594468211e-04
3.656003419167977680e-04
3.334091168423627223e-04
3.101279629938874256e-04
2.845474359258095675e-04
2.420090313631632938e-04
2.365480199666073597e-04
2.011951567152188869e-04
1.796385327814454299e-04
1.609561253721751204e-04
1.468724644021097980e-04
1.040466381870132042e-04
8.565165243019318771e-05
6.524471510622098427e-05
3.477801994648783919e-05
1.005975783576094502e-05
1.149686609801250818e-06
