8.890173024992499424e-06
3.778323535621811705e-05
7.112138419993999539e-05
1.066820762999099863e-04
1.311300521186393466e-04
1.911387200373387385e-04
2.200317823685643374e-04
2.111416093435718600e-04
2.600375609810305806e-04
2.155866958560680852e-04
2.889306233122562067e-04
4.089479591496549362e-04
3.867225265871737021e-04
3.556069209996999634e-04
4.133930456621512156e-04
4.645115405558580758e-04
5.489681842932868415e-04
4.845144298620911974e-04
5.623034438307755170e-04
6.245346550057231027e-04
6.111993954682343189e-04
7.267716447931368232e-04
7.801126829430917418e-04
7.623323368931067328e-04
7.867803127118361880e-04
8.467889806305355527e-04
8.290086345805505437e-04
8.134508317868136473e-04
9.890317490304154080e-04
9.201329080867235929e-04
1.024592441130385426e-03
1.111271628124062359e-03
9.823641192616711787e-04
1.166835209530265498e-03
1.213508617911476187e-03
1.197950815117739291e-03
1.224621334192716642e-03
1.377976818873837385e-03
1.469101092380010543e-03
1.449098203073777421e-03
1.517997044017469236e-03
1.642459466367364191e-03
1.715803393823552231e-03
1.651349639392356641e-03
1.749141542667274245e-03
1.780257148254747821e-03
1.758031715692266695e-03
2.120306266460710888e-03
1.973618411548334808e-03
2.098080833898229546e-03
2.189205107404402703e-03
2.369231111160500797e-03
2.595930523297809798e-03
2.535921855379110433e-03
2.604820696322802248e-03
2.882638603353817729e-03
3.011546112216208909e-03
2.929312011735028202e-03
3.347150143909675968e-03
3.249358240634758147e-03
3.249358240634758147e-03
3.389378465778389998e-03
3.653861113271917021e-03
3.991687688221632301e-03
4.056141442652827674e-03
4.473979574827475006e-03
4.505095180414949232e-03
4.776245457677220051e-03
5.178525787058130270e-03
5.300765666151777654e-03
5.316323468945514767e-03
5.898629802082522647e-03
6.194228055163523462e-03
6.334248280307155747e-03
6.900996810650427381e-03
7.252158645137630685e-03
7.632213541956060429e-03
8.181181726249346295e-03
8.314534321624234350e-03
9.343571849267116869e-03
9.863646971229177163e-03
1.072154866814095317e-02
1.129496482825296903e-02
1.204396190560858872e-02
1.344416415704490636e-02
1.532665829508706758e-02
1.662906864324846870e-02
1.918721593119005961e-02
2.300999033193683665e-02
3.253581072821629810e-02
3.276473268360985402e-02
2.318557124918043874e-02
1.948725927078355860e-02
1.722471023592296591e-02
1.580228255192416692e-02
1.396201673575071973e-02
1.310633758209519238e-02
1.219287230377721215e-02
1.133941569337793172e-02
1.115494460310933848e-02
1.077933479280340431e-02
1.000811228288530502e-02
9.701401313523065270e-03
9.676953337704335273e-03
9.036860879904875382e-03
9.116872437129807868e-03
9.201329080867235929e-03
9.121317523642303443e-03
8.854612332892529067e-03
9.087979374798582297e-03
9.250225032504695924e-03
9.468034271617012040e-03
1.003033771544778636e-02
1.017924811361641153e-02
1.081267294164712719e-02
1.206396479491482140e-02
1.291075377554535587e-02
1.476435485125629325e-02
1.781146165557247196e-02
2.842632824741351399e-02
2.829519819529487459e-02
1.754253392156644720e-02
1.440874793025659177e-02
1.267960927689555130e-02
1.088823941235956237e-02
1.007034349406025348e-02
9.283563181348417070e-03
8.574571882605264497e-03
7.865580583862113659e-03
7.625545912187316200e-03
7.081022814406525041e-03
6.800982364119261339e-03
6.143109560269816548e-03
5.709713625301432102e-03
5.449676064320401955e-03
5.351884161045484568e-03
4.889595163745874551e-03
4.816251236289686294e-03
4.496205007389956348e-03
3.960572082634158074e-03
4.076144331959060362e-03
3.689421805371887256e-03
3.569404469534488526e-03
3.311589451809705733e-03
3.436051874159600904e-03
3.133785991309855860e-03
2.951537444297509544e-03
2.887083689866314171e-03
2.698167513085223627e-03
2.602598153066554027e-03
2.415904519541711704e-03
2.251436318579350289e-03
2.175869847866914245e-03
2.275884294398079852e-03
2.118083723204462667e-03
1.966950781779590578e-03
1.775812061742251596e-03
1.731361196617289128e-03
1.631346750086123520e-03
1.651349639392356641e-03
1.531332303554957912e-03
1.415760054230055407e-03
1.382421905386333610e-03
1.220176247680220417e-03
1.137942147199039926e-03
1.097936368586573683e-03
1.146832320224032377e-03
8.401213508617911066e-04
8.490115238867836653e-04
7.912253992243324131e-04
7.601097936368586203e-04
6.134219387244824314e-04
6.111993954682343189e-04
5.067398624245724858e-04
3.844999833309255895e-04
3.133785991309856077e-04
2.867080800560080941e-04
1.978063498060831033e-04
8.445664373742873860e-05
2.667051907497749658e-05
0.000000000000000000e+00
