1.267113253693412824e-05
3.823569818162579024e-05
7.269228665925368154e-05
1.122617882658199151e-04
1.362702499147477181e-04
1.625017172719096000e-04
2.049611262991801036e-04
2.416407204850420671e-04
2.656491821339698701e-04
2.863231352205466225e-04
3.116654002944148892e-04
3.550140116049789810e-04
3.696858492793237555e-04
4.090330503150666191e-04
4.430450376510476824e-04
4.772793255578521563e-04
5.110690123230098632e-04
5.241847460015908178e-04
5.710901664453294250e-04
6.006561423648423305e-04
6.135495754725999286e-04
6.515629730834023286e-04
7.062489135059601443e-04
7.415947042668816170e-04
7.927238355562649715e-04
8.196222046258970582e-04
8.516334868244674261e-04
8.834224684522144376e-04
9.261041780503084060e-04
9.896821413058025374e-04
1.024138729783430259e-03
1.037699064603658143e-03
1.099720923863388346e-03
1.152628459719358877e-03
1.214872619549912545e-03
1.248440005744246841e-03
1.288898709634106595e-03
1.308016558724919582e-03
1.396492185912634942e-03
1.444509109210490548e-03
1.513644586736569890e-03
1.556326296334663642e-03
1.625239473289919519e-03
1.737278960984916078e-03
1.799300820244646281e-03
1.862878783500140304e-03
1.920899232485049225e-03
1.993146918002655990e-03
2.061393193245441690e-03
2.119635942801173858e-03
2.249459476162043049e-03
2.329043080516822201e-03
2.417518707704537778e-03
2.533559605674355619e-03
2.596026066075732535e-03
2.759416985630935588e-03
2.872123375038402541e-03
2.984385163304222131e-03
3.188234786749285371e-03
3.273153604803826378e-03
3.447437252329376388e-03
3.577705386831892508e-03
3.777331299431310567e-03
3.941833721840631161e-03
4.094554213996310504e-03
4.372207626954744547e-03
4.505143368307141377e-03
4.751674701350298152e-03
5.001318242384983001e-03
5.214949090946275657e-03
5.510831150712229044e-03
5.728685710119166448e-03
6.074140797178739261e-03
6.468946610961107818e-03
6.854415800768893022e-03
7.227658459181391347e-03
7.602234921018830027e-03
8.167322972051927962e-03
8.708180260865273220e-03
9.217470868621695582e-03
9.903712730753549964e-03
1.048947473487322340e-02
1.132754788687746414e-02
1.241148547021238974e-02
1.341183803891771685e-02
1.485456874356162055e-02
1.668965995570883404e-02
1.923700219677424231e-02
2.303656355328789068e-02
3.310122189731758841e-02
3.320970457587941321e-02
2.324174698015789645e-02
1.949064714808374649e-02
1.708313196606626311e-02
1.532984736398206038e-02
1.411497474443214849e-02
1.319042667037760401e-02
1.223119970727460856e-02
1.156763250336674195e-02
1.104100245108609324e-02
1.066620368867783261e-02
1.018625675627009806e-02
9.806789681874544459e-03
9.618945699528766782e-03
9.317728426063051975e-03
9.197908418389235882e-03
9.027848481709331921e-03
8.987612078390294981e-03
9.059859763907902180e-03
9.089870340969061907e-03
9.116546409467870746e-03
9.399312735555241660e-03
9.856807310309811249e-03
1.023694128641783503e-02
1.103833484423621253e-02
1.182261125810118822e-02
1.314240974707974775e-02
1.487657650007313641e-02
1.809215425703370253e-02
2.779201736434218709e-02
2.766930744924766747e-02
1.781672384978350010e-02
1.467672828690289553e-02
1.245928009293942318e-02
1.117971800727989885e-02
9.940836926081058830e-03
9.231920405725218409e-03
8.545678543593364027e-03
7.873886218565032472e-03
7.407499620977526893e-03
6.960008571910010836e-03
6.444493548170533194e-03
6.097037755973549848e-03
5.699564335341300580e-03
5.355443051706668123e-03
5.123361255767032441e-03
4.968195457332295201e-03
4.691208946086331336e-03
4.371540725242274369e-03
4.210595111966128345e-03
3.993629754842484801e-03
3.753100537211559624e-03
3.670849326006899328e-03
3.436322223788206183e-03
3.298495869877694862e-03
3.186678682753521768e-03
3.091534038441103981e-03
2.928587720027547425e-03
2.792095169541976458e-03
2.591802355230087788e-03
2.434858152228763263e-03
2.346604825611871368e-03
2.311703635992596716e-03
2.169653571236440214e-03
2.076287331490609712e-03
1.927123648468104505e-03
1.867769396058255229e-03
1.762398925487960880e-03
1.667698882317190023e-03
1.597896503078640503e-03
1.500528853057988936e-03
1.428058866969558706e-03
1.380264244242526347e-03
1.257109728006359584e-03
1.185751244772046244e-03
1.096164114730213777e-03
1.028140140058251542e-03
9.278825826168956908e-04
8.669722262112824866e-04
7.862771190023862267e-04
7.064712140767835007e-04
6.462277593836405825e-04
5.430802945215802311e-04
4.943964695112544475e-04
3.936943109282516127e-04
3.303386482435809461e-04
2.640930781382060501e-04
1.785073583711948382e-04
1.004798580121793971e-04
2.600916678633847473e-05
1.111502854117028875e-06
